1 275.052 15.9923 98.5732
2 378.946 0 105.425
3 403.78 0 123.916
4 468.578 0 132.521
5 407.438 0 135.142
6 574.964 0 147.107
7 820.84 0 131.271
8 888.64 0 142.16
9 900.93 0 120.45
10 1414.99 0 144.677
11 672.991 0 140.395
12 693.469 0 124.119
13 368.683 0 140.81
14 646.995 0 156.39
15 641.646 0 131.874
16 1705.19 0 149.419
17 529.473 0 145.735
18 290.842 0 110.287
19 342.67 0 113.645
20 332.298 0 113.999
21 341.661 0 128.161
22 329.558 0 125.055
23 363.17 15.4517 128.519
24 434.372 0 133.417
25 416.623 0 130.327
26 401.734 0 134.63
27 449.549 0 144.545
28 505.454 0 139.7
29 452.331 0 149.105
30 456.999 7.28593 140.263
31 467.187 0 147.029
32 430.522 0 134.714
33 474.451 0 134.964
34 463.528 0 137.42
35 477.14 0 134.306
36 568.015 0 148.409
37 427.866 0 151.472
38 497.148 0 153.426
39 422.707 0 147.879
40 440.004 0 155.138
41 398.67 0 146.606
42 362.993 0 147.994
43 431.831 0 149.741
44 492.241 0 151.457
45 439.826 0 156.167
46 433.585 0 155.568
47 362.228 0 151.227
48 431.649 0 161.536
49 481.268 0 160.725
50 417.76 29.0737 162.927
51 401.709 12.9105 154.951
52 424.389 0 158.646
53 350.157 0 160.263
54 340.727 0 166.125
55 377.441 0 155.124
56 510.37 0 173.196
57 379.026 0 164.35
58 416.992 0 169.809
59 492.206 0 166.898
60 712.965 0 163.724
61 362.084 0 173.544
62 436.197 0 183.051
63 440.795 0 179.811
64 388.969 0 165.848
65 463.241 0 178.264
66 410.173 0 182.004
67 411.841 0 180.121
68 346.87 0 182.38
69 341.447 0 178.47
70 407.761 0 176.592
71 365.17 0 172.907
72 435.092 0 179.3
73 372.918 0 184.101
74 399.965 0 184.495
75 377.277 0 179.408
76 456.605 0 190.879
77 415.568 0 188.478
78 418.912 19.057 189.336
79 505.161 27.8912 198.171
80 453.815 0 188.959
81 477.752 0 187.452
82 462.296 0 201.569
83 433.879 0 201.292
84 465.369 0 206.639
85 503.109 0 201.195
86 646.366 26.7558 203.73
87 475.972 0 207.963
88 522.453 0 200.442
89 531.492 0 204.555
90 604.16 0 206.346
91 500.035 0 202.278
92 748.856 0 196.072
93 567.609 0 201.31
94 650.746 0 205.406
95 541.784 0 207.201
96 595.555 0 198.207
97 696.252 0 228.845
98 503.183 0 203.226
99 533.344 0 206.894
100 401.486 0 199.102
101 479.374 0 193.461
102 472.991 0 182.955
103 408.629 0 185.555
104 554.256 0 191.786
105 648.421 0 186.732
106 473.73 0 183.449
107 404.155 0 191.843
108 446.703 0 186.336
109 452.446 0 186.477
110 400.185 0 172.355
111 410.886 0 178.462
112 527.36 0 183.881
113 453.134 0 177.292
114 483.951 0 174.222
115 579.503 0 191.523
116 445.767 21.5863 191.354
117 429.792 0 188.676
118 511.485 47.1821 190.266
119 497.622 33.1921 184.839
120 463.038 0 184.373
121 452.201 0 172.204
122 390.515 0 165.398
123 475.635 0 188.342
124 624.768 0 185.627
125 413.841 19.6327 184.237
126 376.05 0 181.044
127 404.707 0 176.884
128 387 0 183.894
129 395.152 0 175.031
130 394.51 26.3032 178.228
131 404.598 0 177.922
132 397.225 28.2432 166.789
133 559.739 42.8947 179.912
134 433.979 46.0579 188.339
135 412.382 0 176.222
136 450.318 0 182.125
137 466.115 0 190.045
138 472.29 0 179.062
139 621.27 0 172.265
140 514.731 0 179.779
141 516.004 0 183.609
142 890.756 0 175.681
143 439.073 0 190.924
144 579.348 0 196.054
145 574.495 0 205.898
146 815.768 0 226.683
147 612.015 0 226.639
148 1611.66 0 246.203
149 745.556 0 216.752
150 529.354 0 196.199
151 519.74 0 203.846
152 495.072 0 197.345
153 751.443 0 162.404
154 767.933 0 230.954
155 642.84 0 210.376
156 478.473 0 152.93
157 514.406 0 207.85
158 527.756 0 205.441
159 555.61 0 189.523
160 634.295 21.8562 202.945
161 648.165 0 179.521
162 563.565 0 195.435
163 998.234 0 207.253
164 618.214 0 207.249
165 668.862 0 214.999
166 620.808 0 235.624
167 853.259 0 250.56
168 656.001 0 225.327
169 509.026 0 230.042
170 665.738 0 244.622
171 699.937 0 223.264
172 692.179 0 227.098
173 856.379 0 227.606
174 881.622 0 220.069
175 891.831 0 240.952
176 655.195 0 242.543
177 706.311 25.1997 248.373
178 648.514 0 250.86
179 662.198 0 248.674
180 639.918 0 248.653
181 713.943 0 237.184
182 804.398 0 246.568
183 759.926 0 243.705
184 597.705 0 246.977
185 720.966 0 254.148
186 607.511 0 250.681
187 637.859 0 263.259
188 667.892 52.0623 281.327
189 764.763 0 273.169
190 777.299 0 285.496
191 1035.97 0 329.486
192 698.628 0 317.454
193 1065.34 0 328.991
194 2089.23 0 355.715
195 2258.73 0 357.957
196 1241.48 0 366.617
197 996.461 0 343.355
198 1363.9 0 321.488
199 1177.43 0 362.257
200 1177.23 0 360.837
201 1330.94 0 358.212
202 912.92 0 340.471
203 1101.16 0 339.776
204 1003.59 0 355.005
205 1418.72 0 354.175
206 992.995 0 344.155
207 1125.45 0 345.088
208 1140.39 0 347.416
209 1477.22 0 370.308
210 1154.68 0 364.721
211 1125.06 0 363.935
212 1360.83 0 359.111
213 940.684 0 354.575
214 1482.38 0 375.862
215 1155.98 0 372.212
216 923.662 0 363.213
217 1870.65 0 341.824
218 1867.51 0 367.457
219 1216.99 0 383.371
220 1390.66 0 365.143
221 1299.67 0 396.918
222 1436.32 0 399.223
223 1428.35 0 366.532
224 1167.47 0 346.501
225 760.169 0 305.145
226 947.624 0 322.646
227 767.134 0 294.36
228 1062.4 0 305.873
229 1015.41 0 311.63
230 1451.37 0 302.229
231 753.379 0 301.585
232 1265.99 0 312.251
233 1058.42 0 317.045
234 1169.61 0 347.677
235 1380.88 0 296.81
236 1087.55 0 292.311
237 1425.58 0 313.398
238 1695.83 0 330.687
239 1642.68 0 357.529
240 1525.1 0 368.207
241 1769.17 0 367.868
242 1367.38 0 359.893
243 1911.28 0 367.072
244 1790.15 0 373.907
245 1611.94 0 392.55
246 1451.69 0 368.435
247 1438.99 0 397.214
248 1717.62 0 410.519
249 1288.68 0 358.987
250 1989.03 0 388.206
251 1783.24 0 398.754
252 1718.41 0 382.348
253 1888.97 0 417.323
254 2665.94 0 378.241
255 2148.95 0 454.901
256 1637.09 0 413.532
257 1923.25 0 442.214
258 2109.98 0 462.312
259 1997.88 0 442.192
260 1507.29 0 477.504
261 1936.95 0 470.811
262 1594.18 0 458.824
263 1899.21 0 507.985
264 1925.44 0 496.116
265 1458.37 0 457.17
266 1711.11 0 431.788
267 1907.14 0 451.555
268 1585.19 0 445.907
269 1989.26 0 437.979
270 1342.84 0 427.709
271 1973.9 0 448.657
272 2398.17 0 467.779
273 1699.96 0 436.876
274 1842.65 0 428.589
275 1567.41 0 453.417
276 2425.57 0 486.569
277 2657.78 0 532.364
278 1280.25 0 343.186
279 2369.46 0 432.521
280 1513.8 0 464.543
281 1707.58 0 459.101
282 1950.81 0 467.53
283 1712.18 0 458.282
284 2158.02 0 479.223
285 1661.97 0 512.224
286 1666.68 0 512.003
287 1540.75 0 473.207
288 1942.91 0 470.658
289 3355.72 0 486.586
290 2461.05 0 521.794
291 2049.09 0 482.893
292 1776.96 0 525.72
293 1507.88 0 509.268
294 1925.14 0 492.623
295 1606.89 0 475.153
296 2963.85 0 481.319
297 1535.74 0 443.891
298 2453.57 0 527.022
299 1831.47 0 473.421
300 1716.06 0 513.983
301 1498.19 0 511.126
302 2523.56 0 488.871
303 1521.96 0 456.849
304 1410.26 0 458.818
305 1466.08 0 443.358
306 1418.36 0 442.931
307 2181.65 0 444.357
308 1941.02 0 452.023
309 2938.47 0 475.119
310 2038.52 0 481.507
311 1644.89 0 410.284
312 2001.17 0 416.129
313 1566.74 0 405.14
314 1662.48 0 410.42
315 1413.65 0 482.007
316 1370.8 0 445.168
317 1422.02 0 420.388
318 2047.43 0 420.249
319 1427.37 0 379.897
320 1263.3 0 402.569
321 1892.65 0 441.116
322 1699.75 0 330.649
323 1382.11 0 393.721
324 1860.09 0 442.312
325 1822.06 0 437.685
326 1351.68 0 442.241
327 2895.59 0 412.169
328 1632.32 0 389.323
329 1674.14 0 375.935
330 2021.86 0 386.009
331 1981.29 0 385.133
332 1603.52 0 375.457
333 1292.4 0 397.854
334 1414.27 0 402.253
335 1176.33 0 395.715
336 2234.69 0 396.172
337 2185.43 0 448.635
338 1208.08 0 432.936
339 1386.92 0 428.795
340 1445.04 0 435.053
341 1482.37 0 439.73
342 1973.84 0 474.522
343 2506.39 0 479.551
344 1574.41 0 439.693
345 1758.65 0 443.132
346 1455.78 0 464.297
347 2433.62 0 463.079
348 1656.12 0 457.991
349 2159.21 0 520.821
350 1913.63 0 499.576
351 1729.51 0 499.37
352 2002.05 0 545.259
353 2002.49 0 475.882
354 2123.41 0 476.615
355 1524.75 0 443.906
356 1862.51 0 457.242
357 1772.68 0 510.425
358 1965.64 0 501.301
359 2614.29 0 485.862
360 2002.46 0 493.119
361 2579.97 0 515.041
362 2015.4 0 507.001
363 1624.2 0 472.142
364 1826.07 0 471.675
365 2079.61 0 478.869
366 1784.12 0 448.071
367 2138.94 0 521.402
368 2694.4 0 558.631
369 2040.14 0 557.871
370 1589.65 0 521.878
371 2691.79 0 535.807
372 1943.24 0 539.514
373 2048.4 0 505.73
374 1671.94 0 529.264
375 2403.35 0 562.527
376 2330.44 0 529.827
377 1817.69 0 481.037
378 1752.28 0 447.88
379 1613.65 0 493.323
380 1732.64 0 480.718
381 1635.4 0 506.142
382 1827 0 508.651
383 2236.8 0 511.107
384 1572.58 0 497.71
385 3575.51 0 500.419
386 2327.02 0 481.946
387 2301.03 0 526.592
388 2654.29 0 540.997
389 2263.81 0 530.776
390 1712.26 0 571.665
391 2641.49 0 580.034
392 2523.47 0 499.639
393 1869.27 0 520.359
394 1796.79 0 523.539
395 2012.14 0 494.339
396 2219.56 0 517.087
397 3129.58 0 518.517
398 2923.51 0 547.501
399 1928.44 0 539.462
400 2167.56 0 564.514
401 2155.12 0 542.761
402 1836.04 0 544.402
403 2064.81 0 493.549
404 2142.04 0 558.278
405 2241.32 0 585.055
406 2566.47 0 483.996
407 2167.39 0 528.403
408 2687.32 0 496.255
409 2503.37 0 541.771
410 1621.15 0 521.687
411 2064.43 0 510.962
412 1786.96 0 474.127
413 1977.65 0 492.703
414 2620.03 0 496.08
415 2329.66 0 472.726
416 1565.29 0 419.651
417 1378.17 0 440.306
418 2106.55 0 359.358
419 1714.53 0 451.003
420 1962.87 0 431.97
421 1411.03 0 497.054
422 1749.93 0 474.848
423 1434.57 0 501.585
424 1669.31 0 503.25
425 3259.33 0 472.077
426 1990.78 0 493.771
427 2743.03 0 530.64
428 2359.14 0 496.645
429 2319.32 0 526.59
430 3100.39 0 536.128
431 1820.82 0 487.783
432 1758.43 0 480.665
433 2545.32 0 471.491
434 3747.86 0 542.648
435 2324.76 0 551.627
436 2040.05 0 523.433
437 1772.63 0 497.496
438 1835.11 0 536.447
439 2807.31 0 570.125
440 2064.75 0 590.095
441 2167.58 0 550.717
442 1669.4 0 499.121
443 1359.99 0 475.35
444 1596.93 0 476.425
445 1616.75 0 523.389
446 2158.87 0 489.878
447 2837.47 0 488.385
448 2102.29 0 474.736
449 1440.97 0 468.085
450 1587.01 0 461.683
451 1159.4 0 435.04
452 1899.99 0 461.417
453 2370.87 0 493.308
454 1896.11 0 470.074
455 1723.01 0 466.941
456 2626.62 0 479.311
457 3106.81 0 494.273
458 2240.04 0 517.425
459 2148.79 0 515.174
460 2151.37 0 540.624
461 2575.05 0 581.888
462 1369.52 0 504.069
463 1625.66 0 438.343
464 1250.97 0 476.566
465 2017.61 0 477.543
466 1730.58 0 505.994
467 1254.98 0 341.191
468 1908.92 0 528.602
469 3308.18 0 517.158
470 1821.83 0 486.655
471 1755.09 0 486.137
472 2642.27 0 509.235
473 2312.61 0 525.266
474 1943.37 0 529.194
475 2306.38 0 563.084
476 3062.87 0 597.783
477 1988.82 0 555.257
478 3387.92 0 605.809
479 2974.84 0 589.39
480 2489.51 0 605.803
481 2450.99 0 541.981
482 3813.46 0 629.424
483 4013.68 0 578.145
484 3314.55 0 578.141
485 1739.07 0 524.318
486 2646.39 0 525.182
487 1965.58 0 535.91
488 2593.59 0 547.438
489 2624.29 0 554.752
490 3391.79 0 590.388
491 2569.25 0 539.835
492 1986.88 0 528.285
493 2605.35 0 543.254
494 2423.86 0 520.832
495 2034.03 0 522.766
496 2293.76 0 469.971
497 2298.56 0 515.821
498 2433.74 0 505.416
499 2254.72 0 500.866
500 1955.44 0 433.287
501 1575.17 0 447.84
502 2043.14 0 436.738
503 1443.85 0 452.22
504 1710.43 0 468.736
505 1875.24 0 502.059
506 1686.75 0 486.099
507 1549.19 0 503.433
508 1842.8 0 495.764
509 1833.47 0 487.461
510 1956.21 0 526.863
511 1597.38 0 463.435
512 1375.51 0 513.405
513 1318.97 0 464.931
514 1791.49 0 477.266
515 1632.85 0 512.618
516 1929.19 0 505.583
517 1798.28 0 506.436
518 3323.61 0 544.971
519 1884.61 0 500.883
520 1748.79 0 522.16
521 1429.37 0 496.937
522 1633.63 0 464.579
523 1749.54 0 530.496
524 2172.5 0 533.394
525 1643.73 0 578.363
526 2271.13 0 417.769
527 2349.3 0 584.952
528 2225.18 0 554.881
529 1449.02 0 540.404
530 1964.52 0 522.586
531 2198.19 0 522.883
532 2387.21 0 535.172
533 2542.01 0 520.169
534 2316.36 0 535.89
535 1436.4 0 469.943
536 1323.87 0 469.479
537 1792.79 0 492.025
538 2091.13 0 538.584
539 1844.46 0 551.944
540 1413.24 0 476.212
541 1833.45 0 488.295
542 1660.28 0 466.746
543 2566.02 0 457.148
544 1941.08 0 474.57
545 1332.06 0 426.665
546 1592.04 0 494.826
547 1514.81 0 417.307
548 1727.44 0 450.846
549 1421 0 397.96
550 1369.32 0 436.204
551 1308 0 423.336
552 1493.41 0 412.083
553 1657.15 0 428.437
554 1689.24 0 461.041
555 1981.74 0 461.914
556 1877.16 0 448.901
557 1673.88 0 454.26
558 2217 0 483.121
559 2049.57 0 506.712
560 1332.07 0 458.904
561 2491.04 0 471.461
562 2540.6 0 460.74
563 1927.6 0 491.177
564 1666.81 0 507.82
565 2060.39 0 489.702
566 2080.29 0 512.75
567 2492.6 0 534.534
568 2893.09 0 548.053
569 2268.38 0 552.489
570 3860.54 0 532.298
571 2159.58 0 514.321
572 2104.5 0 503.698
573 2754.53 0 517.562
574 1903.5 0 534.232
575 2034.5 0 541.867
576 2562.4 0 543.928
577 2154.36 0 574.601
578 2799.44 0 604.343
579 3182.13 0 611.894
580 2861.91 0 582.689
581 2734.93 0 652.69
582 2198.46 0 572.396
583 1837.72 0 562.705
584 2268.4 0 536.181
585 1918.75 0 541.813
586 2465.38 0 596.886
587 1961.99 0 549.701
588 2604 0 634.571
589 1772.12 0 574.271
590 2447.32 0 634.169
591 1967.26 0 615.004
592 2448.11 0 624.951
593 2540.51 0 626.006
594 2127.05 0 588.199
595 2472.67 0 612.419
596 1835.11 0 606.562
597 2255.36 0 601.152
598 1718.33 0 595.835
599 2031.25 0 608.472
600 2038.24 0 638.829
601 3072.21 0 670.083
602 2671.8 0 612.697
603 2262.93 0 654.683
604 2139.32 0 623.139
605 1829.64 0 585.607
606 1853.8 0 614.038
607 2490.47 0 626.923
608 2675.98 0 649.818
609 3320.59 0 655.446
610 2846.67 0 684.922
611 2859.91 0 707.383
612 3630.46 0 728.867
613 2456.28 0 645.969
614 2714.52 0 630.714
615 2406.44 0 665.534
616 2024.31 0 658.962
617 2539.7 0 635.402
618 2242.72 0 621.405
619 2297.23 0 595.566
620 2350.63 0 613.538
621 3035.21 0 646.998
622 2518.05 0 602.352
623 2743.76 0 679.023
624 2221.82 0 663.196
625 1882.41 0 595.214
626 2416.95 0 587.392
627 2429.36 0 629.058
628 2248.66 0 639.518
629 2036.73 0 614.84
630 2194.21 0 618.346
631 2773.57 0 670.542
632 2550.94 0 630.978
633 2331.82 0 639.548
634 2775.31 0 619.805
635 2568.84 0 705.773
636 2186.35 0 727.278
637 2977.55 0 807.349
638 4031.92 0 787.648
639 3112.71 0 763.675
640 2930.32 0 750.688
641 2877.87 0 668.571
642 2883.79 0 732.278
643 4429.93 0 765.147
644 2857.77 0 823.403
645 2534.08 0 755.251
646 2383.05 0 710.035
647 3251.68 0 752.119
648 2768.51 0 696.742
649 2250.9 0 705.896
650 3203.49 0 749.924
651 2881.08 0 715.059
652 2412.77 0 746.627
653 2815.22 0 731.136
654 2521.28 0 642.513
655 1891.82 0 705.07
656 3495.9 0 710.808
657 2897 0 822.897
658 2509.69 0 775.361
659 1921.31 0 768.994
660 3211.07 0 797.548
661 2477.06 0 722.762
662 1967.19 0 743.683
663 2070.9 0 756.928
664 2712.72 0 804.262
665 3222.95 0 797.246
666 3440.8 0 887.432
667 2302.44 0 600.158
668 2915.15 0 831.718
669 2420.78 0 848.152
670 2939.21 0 875.039
671 3028.36 0 840.647
672 2868.95 0 851.7
673 3255.12 0 861.551
674 2720 0 816.1
675 3134.22 0 813.894
676 3442.13 0 819.283
677 3477.11 0 783.245
678 2452.76 0 825.819
679 2510.76 0 796.346
680 2220.56 0 738.781
681 2782.86 0 794.029
682 4208.7 0 739.459
683 3727.36 0 784.64
684 4273.42 0 748.404
685 2836.01 0 778.174
686 2984.97 0 854.298
687 3283.38 0 824.113
688 2879.5 0 813.367
689 3482.76 0 758.29
690 2980.64 0 803.044
691 3864.27 0 756.732
692 2508.26 0 735.864
693 2583.88 0 698.253
694 3309.22 0 800.112
695 2968.77 0 775.797
696 3385.86 0 765.834
697 2689.38 0 718.835
698 2567.34 0 799.834
699 2692.19 0 745.615
700 2511.41 0 646.923
701 3837.31 0 639.592
702 2989.7 0 654.793
703 2600.11 0 691.347
704 2292.63 0 683.102
705 2429.89 0 666.543
706 2890.31 0 596.046
707 2975.98 0 703.914
708 3037.16 0 693.92
709 2820.97 0 724.013
710 2471.82 0 745.031
711 2862.14 0 801.899
712 2883.86 0 840.853
713 3506.93 0 782.031
714 3467.8 0 834.168
715 3287.1 0 831.286
716 3484.73 0 857.869
717 3526.64 0 866.17
718 2906.83 0 868.878
719 3436.1 0 872.957
720 2365.81 0 751.94
721 3115.9 0 820.228
722 2389.08 0 748.171
723 3348.64 0 770.693
724 2439.84 0 781.781
725 3464.12 0 773.51
726 3383.11 0 786.532
727 3254.84 0 798.456
728 3587.09 0 895.721
729 3632.63 0 899.044
730 3371.41 0 867.649
731 2219.76 0 772.86
732 3323.06 0 783.67
733 2899.51 0 813.753
734 3983.78 0 901.449
735 2882.36 0 776.696
736 3539.91 0 762.739
737 2857.45 0 811.648
738 2706.53 0 747.154
739 3490.77 0 808.887
740 2848.86 0 728.711
741 2876.53 0 755.399
742 3384.44 0 745.076
743 4040.54 0 830.062
744 3875.17 0 814.233
745 2800.82 0 695.693
746 2579.39 0 772.973
747 3080.63 0 806.865
748 2576.39 0 762.332
749 2685.04 0 764.101
750 3206.31 0 681.044
751 2727.16 0 673.978
752 2335.32 0 733.363
753 2371.31 0 718.501
754 3229.09 0 771.275
755 2905.85 0 771.453
756 2666.9 0 739.44
757 3358.6 0 767.905
758 2786.97 0 771.605
759 3476.94 0 789.835
760 4019.51 0 740.21
761 2159.85 0 731.265
762 2718.85 0 713.65
763 2473.95 0 691.213
764 3084.58 0 705.81
765 2341.35 0 685.032
766 3224.91 0 710.119
767 2987.14 0 774.063
768 3631.85 0 764.653
769 3012.83 0 831.794
770 2754.25 0 795.203
771 4416.8 0 740.669
772 3115.76 0 787.406
773 3276.94 0 742.773
774 3394.75 0 783.093
775 3214.55 0 748.218
776 3402.02 0 754.102
777 3487.21 0 809.492
778 3055.45 0 858.341
779 2926.14 0 804.549
780 3752.13 0 817.636
781 4539.85 0 765.463
782 2903.2 0 768.731
783 2739.57 0 800.694
784 3539.38 0 774.842
785 4111.41 0 780.576
786 3011.48 0 757.686
787 3282.09 0 765.684
788 3289.08 0 728.397
789 2550.32 0 734.482
790 2884.42 0 654.848
791 2144.1 0 708.132
792 3198.52 0 825.027
793 3098.1 0 751.987
794 2458.63 0 624.249
795 3505.26 0 679.159
796 3960.41 0 749.544
797 2520.23 0 733.897
798 3743.4 0 711.499
799 2773.79 0 737.935
800 2350.91 0 681.09
801 3413.92 0 743.795
802 3875.72 0 752.592
803 3063.34 0 707.856
804 2536.95 0 683.803
805 2494.34 0 761.106
806 3590.98 0 733.517
807 2771.95 0 693.183
808 2928.38 0 604.395
809 2117 0 673.233
810 2845.6 0 601.459
811 3384.85 0 657.606
812 2594.86 0 611.26
813 2768.15 0 580.655
814 2881.74 0 643.014
815 2352.99 0 676.619
816 2725.84 0 711.296
817 3923.47 0 689.645
818 3385.24 0 732.15
819 2366.55 0 692.776
820 3430.9 0 712.241
821 2499.18 0 603.205
822 3069.53 0 630.085
823 2457.59 0 630.03
824 2823.85 0 615.069
825 3961.88 0 729.118
826 3841.77 0 644.728
827 2623.47 0 639.66
828 3037.44 0 663.412
829 3648.58 0 717.955
830 2541.12 0 701.801
831 2769.51 0 710.532
832 3714.28 0 710.194
833 2722.13 0 722.448
834 3156.27 0 673.513
835 3018.31 0 763.284
836 3477.3 0 724.261
837 3852.43 0 804.826
838 2984.1 0 708.906
839 2097.79 0 632.379
840 3106.41 0 647.612
841 2295.32 0 633.798
842 2941.59 0 681.459
843 2883.69 0 694.868
844 2656.27 0 671.921
845 2415.73 0 675.68
846 2568.29 0 691.48
847 2634.38 0 718.906
848 2983.3 0 760.43
849 3305.41 0 766.904
850 4250.13 0 749.742
851 2470.08 0 721.304
852 2946.91 0 728.238
853 2688.98 0 744.127
854 3803.63 0 811.252
855 2821.35 0 742.188
856 2834 0 697.051
857 2487.94 0 682.668
858 2267.3 0 667.301
859 2272.97 0 698.917
860 2294.59 0 702.283
861 2673.68 0 735.596
862 2646.81 0 657.773
863 2714.22 0 714.636
864 2341.64 0 682.087
865 3727.7 0 730.416
866 2517.97 0 716.385
867 3017.73 0 736.896
868 2860.68 0 705.608
869 2361.88 0 686.283
870 3164.44 0 658.06
871 2391.64 0 654.435
872 2728.19 0 651.215
873 2614.98 0 610.356
874 3668.66 0 622.377
875 2510.62 0 608.212
876 2460.23 0 710.713
877 2837.49 0 757.619
878 3149.85 0 750.632
879 3228.77 0 665.475
880 4431.38 0 679.519
881 3117.2 0 758.216
882 2972.75 0 738.655
883 2829.86 0 690.863
884 4498.33 0 745.114
885 3227.67 0 710.712
886 3011.54 0 709.15
887 3193.08 0 760.216
888 4060.72 0 777.341
889 2774.34 0 733.041
890 3627.88 0 723.486
891 4071.56 0 684.339
892 4634.77 0 713.461
893 3321.79 0 778.072
894 3522.37 0 706.351
895 3464.84 0 685.514
896 2966.5 0 755.685
897 2973.57 0 706.542
898 2733.79 0 733.749
899 3047.27 0 794.147
900 2428.15 0 722.404
901 2206.55 0 649.358
902 2924.85 0 746.249
903 3016.51 0 694.412
904 3208.97 0 686.984
905 4635.38 0 688.053
906 3076.93 0 648.599
907 3697.7 0 654.7
908 2331.91 0 606.466
909 2976.72 0 751.428
910 2433.13 0 702.046
911 2627.69 0 719.145
912 3209.13 0 666.052
913 3266.82 0 742.945
914 3651.12 0 744.717
915 3514.11 0 690.673
916 4065.92 0 792.032
917 3221.69 0 771.798
918 2669.58 0 734.959
919 2838.02 0 723.765
920 3986.36 0 734.243
921 4246.35 0 751.173
922 4849.18 0 777.88
923 3531.82 0 849.904
924 2852.31 0 739.423
925 3375.49 0 709.277
926 2764.53 0 723.578
927 2974.68 0 759.528
928 2884.99 0 690.312
929 2903.32 0 731.375
930 2820.94 0 720.49
931 3010.62 0 719.618
932 2686.31 0 741.732
933 3669.97 0 749.792
934 2468.76 0 691.18
935 3245.01 0 662.944
936 2541.8 0 698.208
937 2545.01 0 675.24
938 3004.58 0 712.693
939 3478.86 0 698.39
940 2883.52 0 703.228
941 3560.35 0 746.028
942 3006.04 0 794.686
943 3303.04 0 735.482
944 2777.04 0 812.083
945 2993.86 0 787.076
946 3179.76 0 847.796
947 3536.57 0 770.321
948 3538.72 0 740.446
949 2499.53 0 728.167
950 3773.91 0 724.946
951 3324.17 0 688.571
952 3266.11 0 721.37
953 3040.81 0 762.993
954 3035.45 0 690.333
955 3031.87 0 725.887
956 2867.99 0 757.458
957 3391 0 737.322
958 4051.61 0 739.823
959 2794.5 0 749.379
960 3257.59 0 787.264
961 3807.19 0 767.237
962 3476.3 0 822.891
963 2922.77 0 719.307
964 2603.66 0 791.778
965 3182.27 0 846.234
966 2707.69 0 797.544
967 2856.96 0 822.23
968 3102.49 0 871.37
969 4105.17 0 983.143
970 3431.37 0 876.155
971 3696.35 0 912.344
972 3273.31 0 973.645
973 3802.53 0 954.928
974 4276.28 0 913.963
975 3107.54 0 847.084
976 3241.41 0 936.773
977 3606.67 0 907.167
978 3418.26 0 1014.97
979 3321.95 0 989.732
980 3410.92 0 884.07
981 3457.05 0 829.674
982 4057.58 0 832.694
983 3073.27 0 814.399
984 3539.97 0 891.6
985 3635.73 0 873.915
986 3239.87 0 894.343
987 3592.5 0 907.999
988 4151.28 0 825.848
989 4367.96 0 890.143
990 2699.51 0 817.961
991 3244.29 0 839.558
992 3989.09 0 916.801
993 3344.99 0 876.403
994 3207.96 0 857.083
995 3150.4 0 722.804
996 2747.68 0 826.943
997 2736.63 0 897.919
998 3177.57 0 821.16
999 3353.79 0 763.801
1000 3197.14 0 756.977
1001 3078.7 0 812.661
1002 3463.93 0 827.488
1003 2988.49 0 775.52
1004 2995.68 0 833.202
1005 2957.13 0 766.742
1006 2980.84 0 741.496
1007 4032.84 0 705.654
1008 3262.89 0 796.599
1009 3118.58 0 706.517
1010 2630.85 0 661.563
1011 4058.15 0 751.767
1012 3653.99 0 732.235
1013 2676.55 0 688.667
1014 2814.48 0 685.307
1015 2845.17 0 738.617
1016 3451.85 0 816.118
1017 2999.43 0 812.461
1018 2407.62 0 727.717
1019 3313.01 0 758.966
1020 2468.19 0 673.76
1021 3026.71 0 720.818
1022 2701.41 0 754.939
1023 2686.75 0 714.676
1024 3266.81 0 797.795
1025 2737.89 0 778.92
1026 2378.81 0 665.694
1027 3530.24 0 706.544
1028 2986.3 0 690.562
1029 2544.71 0 659.777
1030 3343.89 0 652.48
1031 2240.02 0 638.187
1032 3302.07 0 666.838
1033 3299.25 0 656.18
1034 3172.99 0 659.896
1035 2562.74 0 700.945
1036 2196.68 0 596.174
1037 2683.83 0 619.865
1038 2316.2 0 553.134
1039 2201.82 0 577.743
1040 2417.64 0 576.753
1041 2779.64 0 580.555
1042 2896.47 0 607.473
1043 2549.6 0 602.727
1044 2358.73 0 618.54
1045 2805.06 0 604.249
1046 3942.59 0 640.324
1047 2264.16 0 580.524
1048 2749.7 0 651.683
1049 2951.71 0 649.249
1050 2718.11 0 620.663
1051 2524.89 0 576.074
1052 3254.75 0 660.121
1053 2892.52 0 662.408
1054 3159.93 0 701.521
1055 3113.79 0 664.183
1056 2754.19 0 701.156
1057 2711.1 0 696.747
1058 2735.61 0 723.135
1059 2415.34 0 636.782
1060 2185.63 0 613.721
1061 1959.89 0 563.973
1062 2619.77 0 639.985
1063 2660 0 539.799
1064 3800.08 0 580.667
1065 2147.52 0 578.091
1066 3309.58 0 707.061
1067 2354.31 0 679.521
1068 2102.3 0 677.648
1069 2224.31 0 627.242
1070 2307.34 0 628.418
1071 2114.48 0 570.951
1072 2519.95 0 616.626
1073 2012.41 0 607.64
1074 3348.8 0 660.359
1075 2192.13 0 610.648
1076 2882.98 0 614.002
1077 2200.78 0 599.203
1078 2497.93 0 578.678
1079 2018.96 0 593.793
1080 2186.64 0 622.522
1081 2303.78 0 586.366
1082 2208.98 0 607.411
1083 2113.99 0 542.127
1084 2238.79 0 586.848
1085 3356.02 0 594.23
1086 2630.28 0 537.974
1087 2114.11 0 550.215
1088 3219.94 0 601.717
1089 1871.08 0 538.494
1090 1689.1 0 533.415
1091 2701.56 0 621.265
1092 2716.06 0 599.265
1093 2575.69 0 608.781
1094 2049.79 0 586.725
1095 2025.23 0 588.833
1096 2406.67 0 592.754
1097 2400.33 0 622.102
1098 1791.77 0 587.273
1099 2183.73 0 596.699
1100 2209.94 0 581.893
1101 1558.2 0 524.92
1102 1734.22 0 576.23
1103 1845.04 0 525.74
1104 2695.88 0 618.708
1105 2680.95 0 593.631
1106 2263.27 0 581.048
1107 1722.37 0 520.942
1108 3309.11 0 590.138
1109 1763.13 0 613.069
1110 2113.8 0 509.805
1111 3237.18 0 562.531
1112 2900.72 0 540.527
1113 3199.95 0 505.328
1114 2554.57 0 533.489
1115 2330.91 0 553.835
1116 2753.97 0 491.6
1117 2034.06 0 536.562
1118 1667.6 0 473.546
1119 1632.59 0 449.555
1120 1578.67 0 440.606
1121 2576.69 0 444.068
1122 1908.46 0 424.425
1123 1718.5 0 424.725
1124 1630.27 0 409.906
1125 1839.24 0 439.361
1126 1334.54 0 407.532
1127 1633.98 0 380.164
1128 2080.33 0 403.192
1129 2093.89 0 417.527
1130 2189.93 0 414.208
1131 1998.93 0 400.028
1132 1379.23 0 411.808
1133 1425.79 0 400.119
1134 1397.36 0 390.724
1135 1504.59 0 456.935
1136 1750.82 0 419.986
1137 2405.76 0 446.19
1138 1102.13 0 396.359
1139 1691.02 0 396.505
1140 1718.23 0 448.049
1141 1525.76 0 453.074
1142 2096.22 0 416.713
1143 1610.89 0 458.331
1144 1892.96 0 481.654
1145 1984.02 0 514.224
1146 1344.71 0 352.952
1147 1661.47 0 490.804
1148 1515.37 0 465.604
1149 1503.06 0 469.56
1150 1569.94 0 446.503
1151 1448.89 0 477.552
1152 2205.82 0 491.851
1153 2262.29 0 460.552
1154 1451.57 0 503.553
1155 1939.78 0 482.012
1156 1617.27 0 464.314
1157 2518.23 0 468.552
1158 1738.6 0 447.438
1159 2293.62 0 458.22
1160 1665.99 0 472.091
1161 1809.23 0 441.906
1162 2171.95 0 441.137
1163 2103.24 0 440.138
1164 1641.04 0 438.014
1165 1244.31 0 387.27
1166 1683.01 0 450.288
1167 1323.18 0 410.677
1168 1534.46 0 404.858
1169 1624.28 0 385.115
1170 2929.52 0 390.303
1171 1531.33 0 369.638
1172 1626.73 0 413.256
1173 1374.95 0 375.756
1174 1343.13 0 412.425
1175 1538.79 0 350.331
1176 2490.82 0 368.761
1177 1834.96 0 362.821
1178 1109.28 0 393.769
1179 1099.93 0 341.258
1180 1201.04 0 353.682
1181 1391.19 0 360.379
1182 1489.8 0 348.3
1183 1058.36 0 359.175
1184 1113 0 333.086
1185 1398.53 0 349.856
1186 1073.84 0 308.418
1187 1124.62 0 324.362
1188 1034.74 0 325.248
1189 896.871 0 303.707
1190 1032.34 0 315.508
1191 1344.25 0 313.876
1192 1628.91 0 330.318
1193 1859.69 0 312.887
1194 1185.1 0 331.54
1195 1184.72 0 322.43
1196 1310.27 0 313.406
1197 1018.38 0 320.663
1198 1197.32 0 326.633
1199 1130.7 0 323.923
1200 1381.95 0 331.25
1201 1438.93 0 343.179
1202 761.554 0 321.483
1203 1948.28 0 339.43
1204 1200.06 0 339.595
1205 1584.28 0 361.723
1206 1216.63 0 336.289
1207 1037.28 0 333.078
1208 1290.41 0 356.122
1209 1373.71 0 370.102
1210 1516.43 0 365.436
1211 1290.74 0 369.946
1212 1959.5 0 370.808
1213 1585.33 0 362.214
1214 1298.12 0 370.223
1215 1743.08 0 386.196
1216 1114.81 0 347.456
1217 1137.46 0 358.98
1218 1275.42 0 340.021
1219 1699.45 0 362.704
1220 1534.23 0 325.178
1221 1163.38 0 334.614
1222 1455.49 0 342.339
1223 1771.04 0 337.942
1224 1095.67 0 322.803
1225 1035.07 0 306.819
1226 843.464 0 310.215
1227 1133.21 0 322.193
1228 1206.67 0 313.755
1229 1055.77 0 290.539
1230 1144.15 0 289.77
1231 846.644 0 285.182
1232 990.273 0 288.936
1233 869.821 0 333.079
1234 1143.33 0 299.616
1235 972.16 0 306.45
1236 1208.39 0 310.503
1237 938.461 0 309.45
1238 805.133 0 292.257
1239 1076.78 0 282.231
1240 1055.94 0 279.678
1241 816.613 0 257.9
1242 869.159 0 272.469
1243 764.572 0 276.35
1244 778.124 0 262.9
1245 812.699 0 249.944
1246 796.396 0 232.081
1247 843.015 0 247.521
1248 638.302 0 236.967
1249 674.671 0 259.589
1250 1490.6 0 255.367
1251 698.902 0 266.915
1252 947.942 0 298.034
1253 1181.42 0 280.999
1254 935.06 0 283.181
1255 1486.54 0 295.227
1256 1047.62 0 290.135
1257 1303.56 0 305.675
1258 1104.94 0 323.339
1259 1297.89 0 317.764
1260 1139.64 0 317.349
1261 940.354 0 326.894
1262 1345.65 0 355.19
1263 1208.65 0 368.543
1264 1085.43 0 391.886
1265 1068.41 0 362.131
1266 897.829 0 346.298
1267 1210.81 0 349.406
1268 1297.46 0 329.539
1269 821.838 0 302.338
1270 656.446 0 297.537
1271 999.58 0 333.479
1272 1179.43 0 336.139
1273 1182.34 0 336.642
1274 1053.09 0 313.989
1275 1135.09 0 291.328
1276 1048.12 0 302.259
1277 1039.74 0 295.557
1278 1146.29 0 323.75
1279 973.738 0 336.023
1280 892.346 0 346.064
1281 1790.13 0 339.23
1282 1034.03 0 335.598
1283 936.083 0 357.494
1284 969.036 0 331.13
1285 725.449 0 323.703
1286 812.946 0 296.907
1287 917.652 0 295.971
1288 830.059 0 325.807
1289 918.831 0 295.437
1290 914.333 0 290.286
1291 898.355 0 276.603
1292 1069.38 0 311.289
1293 851.336 0 309.319
1294 827.036 0 289.409
1295 716.751 0 284.782
1296 766.554 0 280.281
1297 760.883 0 278.417
1298 858.763 0 269.684
1299 874.19 0 272.14
1300 908.91 0 267.047
1301 778.803 0 299.004
1302 645.467 0 280.218
1303 1692.05 0 276.048
1304 1481.61 0 274.928
1305 713.448 0 244.035
1306 693.556 0 234.768
1307 585.621 0 249.887
1308 552.735 0 254.321
1309 676.801 0 258.54
1310 901.948 0 259.17
1311 648.948 0 250.8
1312 644.927 0 254.378
1313 750.94 0 265.33
1314 730.043 0 267.749
1315 678.862 0 238.238
1316 780.157 0 240.07
1317 621.149 0 232.769
1318 635.208 0 243.283
1319 645.841 0 253.859
1320 695.492 0 228.407
1321 644.195 0 235.081
1322 691.097 0 224.927
1323 534.027 0 213.875
1324 557.835 0 239.927
1325 552.438 0 229.339
1326 570.27 0 244.992
1327 654.382 0 229.133
1328 796.072 0 225.92
1329 656.83 0 234.104
1330 753.224 22.8775 248.226
1331 646.376 0 226.15
1332 684.928 0 235.041
1333 737.208 0 243.371
1334 601.295 0 223.993
1335 521.274 0 224.976
1336 639.704 0 224.976
1337 637.298 0 244.718
1338 650.948 0 221.042
1339 585.53 0 220.429
1340 570.346 0 200.23
1341 608.007 0 195.987
1342 659.12 0 204.681
1343 616.916 0 207.308
1344 617.721 0 218.032
1345 799.282 0 205.341
1346 549.54 0 197.548
1347 611.272 0 203.514
1348 607.554 0 209.248
1349 534.195 0 214.948
1350 594.567 0 236.496
1351 561.643 0 206.512
1352 676.651 0 216.372
1353 606.94 0 212.067
1354 834.177 0 215.395
1355 729.654 0 193.222
1356 578.832 0 199.495
1357 651.358 0 219.662
1358 569.594 0 211.025
1359 524.749 0 197.387
1360 810.827 0 199.724
1361 534.917 0 189.963
1362 728.359 0 188.409
1363 575.435 0 202.04
1364 605.518 0 199.17
1365 730.075 0 222.486
1366 565.107 0 221.118
1367 669.099 0 216.199
1368 694.407 0 221.717
1369 852.138 0 213.592
1370 676.506 0 216.345
1371 563.842 18.1002 228.14
1372 560.491 17.822 218.399
1373 757.089 0 241.128
1374 899.609 36.9055 244.988
1375 661.507 0 231.097
1376 695.584 0 227.835
1377 544.065 0 232.644
1378 662.838 0 225.766
1379 708.694 0 214.789
1380 730.303 0 215.203
1381 739.734 0 223.026
1382 588.452 0 228.201
1383 579.5 0 218.775
1384 702.481 0 227.533
1385 628.574 0 232.833
1386 701.959 0 223.69
1387 607.735 0 221.622
1388 838.368 0 237.935
1389 1070.29 0 238.868
1390 715.519 0 220.135
1391 931.13 0 241.048
1392 678.011 0 234.66
1393 821.416 0 247.17
1394 751.396 0 244.433
1395 943.564 14.9657 260.991
1396 695.49 0 255.23
1397 703.53 0 259.435
1398 918.124 0 263.071
1399 734.397 0 267.664
1400 614.45 0 273.867
1401 822.89 0 265.649
1402 603.181 0 258.309
1403 624.026 0 260.977
1404 613.286 0 255.365
1405 696.215 0 255.434
1406 742.736 0 245.687
1407 685.138 0 247.288
1408 640.327 0 254.159
1409 744.409 17.9717 246.875
1410 663.015 0 258.522
1411 876.086 0 249.656
1412 720.434 0 257.609
1413 826.441 0 254.435
1414 1048.53 0 238.539
1415 622.133 0 236.303
1416 1706.03 0 249.969
1417 1040.75 0 234.469
1418 1290.89 0 243.703
1419 1687.16 0 234.25
1420 1057.21 0 220.685
1421 732.252 0 248.458
1422 646.638 0 235.184
1423 781.479 0 230.395
1424 683.64 0 230.466
1425 593.647 0 228.817
1426 840.764 0 235.277
1427 651.545 0 208.385
1428 625.797 18.1241 197.94
1429 675.358 0 200.023
1430 618.549 0 193.605
1431 713.196 0 211.425
1432 766.669 0 209.544
1433 750.125 0 201.81
1434 792.236 0 209.506
1435 747.5 15.0641 206.574
1436 1015.03 0 194.786
1437 834.774 0 190.06
1438 792.031 0 207.195
1439 692.178 0 197.998
1440 626.268 0 193.788
1441 729.677 0 190.079
1442 753.354 0 194.358
1443 1020.3 0 220.696
1444 782.689 0 221.222
1445 1047.62 0 235.04
1446 676.745 0 223.828
1447 818.781 0 237.801
1448 741.823 0 275.968
1449 710.921 0 236.392
1450 873.953 0 253.517
1451 816.524 0 226.47
1452 700.696 0 232.025
1453 786.228 0 237.915
1454 858.201 0 237.551
1455 988.077 0 243.738
1456 807.682 0 222.496
1457 713.479 0 240.826
1458 863.913 0 222.095
1459 651.375 0 207.566
1460 739.845 0 221.249
1461 728.916 0 222.922
1462 736.408 0 233.846
1463 736.042 0 227.74
1464 669.285 0 217.929
1465 728.866 0 202.223
1466 806.399 0 229.816
1467 678.316 0 234.883
1468 757.275 0 213.877
1469 646.655 0 216.943
1470 806.88 0 215.24
1471 750.242 0 202.418
1472 683.866 0 195.162
1473 738.381 0 207.706
1474 759.423 0 207.554
1475 716.654 0 216.733
1476 729.905 0 215.441
1477 848.872 0 241.67
1478 750.921 0 219.798
1479 668.203 0 206.955
1480 718.967 0 205.813
1481 607.412 0 194.161
1482 579.159 0 180.86
1483 498.022 0 172.133
1484 456.805 0 167.792
1485 522.515 0 174.288
1486 488.654 0 167.304
1487 443.622 0 159.414
1488 801.137 0 160.676
1489 460.962 14.5047 172.942
1490 657.861 0 186.84
1491 561.047 0 197.996
1492 556.615 0 175.658
1493 524.363 0 179.435
1494 635.282 13.3275 184.347
1495 627.357 17.648 176.096
1496 520.866 0 173.816
1497 627.72 19.2598 181.296
1498 595.94 0 181.578
1499 634.5 0 166.843
1500 565.226 0 174.534
1501 598.604 0 193.934
1502 580.193 0 182.595
1503 644.057 0 181.795
1504 503.53 23.7507 179.72
1505 513.504 15.369 173.19
1506 634.099 21.0957 183.412
1507 550.396 0 169.754
1508 637.067 20.0897 172.556
1509 662.347 16.0391 165.816
1510 668.175 0 157.337
1511 527.379 0 165.553
1512 619.801 0 148.01
1513 542.469 23.6752 149.703
1514 790.004 0 155.543
1515 582.035 0 163.948
1516 884.979 14.8128 153.686
1517 680.902 0 163.524
1518 616.945 0 163.015
1519 590.192 0 150.099
1520 668.814 22.7775 167.886
1521 508.84 0 157.767
1522 570.752 16.4299 151.951
1523 481.446 16.8089 148.746
1524 531.95 0 159.292
1525 586.079 0 161.084
1526 575.113 15.8692 156.024
1527 524.155 0 148.349
1528 430.545 16.4143 150.43
1529 457.435 0 141.358
1530 491.981 16.2922 145.817
1531 731.443 0 134.957
1532 820.282 13.3734 153.271
1533 615.855 13.3651 145.232
1534 507.479 18.5447 134.743
1535 515.552 15.9588 145.28
1536 503.77 13.4088 143.313
1537 546.906 22.2 159.434
1538 601.316 16.7905 142.417
1539 580.212 0 146.308
1540 474.864 14.2902 139.704
1541 528.794 11.1389 137.255
1542 609.619 0 138.176
1543 601.682 19.1398 133.246
1544 431.136 16.9213 126.434
1545 539.764 0 136.093
1546 448.273 0 129.908
1547 534.769 14.1208 137.153
1548 513.495 0 135.106
1549 540.962 0 145.23
1550 565.371 18.9699 144.555
1551 572.084 0 140.483
1552 621.407 9.68102 135.197
1553 926.179 19.1712 150.479
1554 509.035 0 150.485
1555 573.585 0 168.618
1556 577.652 0 159.838
1557 417.247 0 140.575
1558 457.238 0 147.222
1559 468.723 0 138.481
1560 638.319 0 140.325
1561 583.739 0 158.717
1562 638.615 16.8251 145.484
1563 554 0 142.98
1564 532.674 0 145.447
1565 530.06 0 142.122
1566 575.638 25.0864 153.891
1567 651.372 0 152.595
1568 621.369 0 163.521
1569 645.205 0 159.921
1570 573.198 0 161.01
1571 573.535 0 155.573
1572 577.533 0 165.981
1573 570.415 0 187.281
1574 876.573 0 167.018
1575 569.169 11.1593 179.171
1576 929.157 0 193.84
1577 619.351 0 183.401
1578 654.168 0 190.378
1579 556.66 14.9381 176.874
1580 596.106 16.7072 179.653
1581 521.692 17.3126 158.306
1582 579.759 17.4492 150.621
1583 697.885 0 162.658
1584 748.151 16.6384 156.614
1585 1030.86 11.2745 150.306
1586 661.226 13.026 149.306
1587 815.462 18.1058 175.112
1588 679.82 0 193.136
1589 793.241 0 202.275
1590 624.334 0 205.25
1591 714.718 0 203.46
1592 624.448 0 183.017
1593 888.725 21.4495 195.534
1594 855.114 0 200.701
1595 685.298 24.2824 197.068
1596 900.207 0 202.087
1597 896.427 0 206.073
1598 781.832 0 196.387
1599 632.475 0 201.595
1600 641.198 12.0872 200.166
1601 679.387 0 195.062
1602 620.906 0 205.386
1603 653.153 0 209.591
1604 700.168 0 209.291
1605 702.98 0 236.899
1606 634.197 0 219.814
1607 760.512 0 216.657
1608 623.665 0 222.633
1609 568.305 0 200.041
1610 593.769 0 208.528
1611 741.213 26.2015 199.292
1612 631.371 0 181.655
1613 618.057 16.909 200.485
1614 628.338 19.5783 196.285
1615 520.417 15.2398 198.25
1616 625.151 0 182.029
1617 609.153 20.5002 188.276
1618 643.373 21.496 184.743
1619 534.523 0 175.143
1620 644.466 14.2842 185.161
1621 537.103 0 176.03
1622 638.301 19.9614 176.9
1623 604.236 0 157.509
1624 641.352 18.5483 182.795
1625 599.863 13.8984 180.154
1626 525.13 0 182.554
1627 615.259 0 173.537
1628 538.162 15.0534 161.98
1629 534.913 13.1504 179.701
1630 580.35 0 171.103
1631 507.486 22.7447 165.985
1632 615.149 0 172.623
1633 537.597 0 171.858
1634 687.833 15.1322 180.585
1635 551.31 0 181.499
1636 535.436 14.1688 175.782
1637 547.159 0 173
1638 635.529 0 183.878
1639 547.951 0 187.581
1640 561.978 17.1149 186.79
1641 562.737 18.3393 196.126
1642 585.516 0 200.603
1643 627.619 15.3705 209.766
1644 531.371 0 211.794
1645 562.038 0 198.832
1646 568.177 15.948 205.406
1647 531.773 17.0393 182.511
1648 537.216 18.8498 183.897
1649 542.735 0 172.44
1650 541.151 8.3838 171.782
1651 530.746 22.2835 171.138
1652 562.773 0 164.381
1653 563.518 21.1708 161.68
1654 497.218 12.1051 166.97
1655 514.462 10.6597 157.463
1656 514.475 14.9356 141.678
1657 464.528 0 160.504
1658 453.707 21.7607 161.207
1659 564.747 14.9803 155.777
1660 428.353 16.8837 144.503
1661 511.318 14.327 150.456
1662 572.291 16.8379 150.212
1663 546.289 13.0085 131.325
1664 615.149 10.6139 144.521
1665 424.105 15.9086 145.703
1666 404.37 13.1476 146.736
1667 365.753 20.813 135.221
1668 520.902 12.9334 139.613
1669 430.789 0 137.022
1670 492.496 18.5809 139.864
1671 439.07 16.1046 125.631
1672 437.738 15.5965 113.859
1673 413.219 29.8277 121.957
1674 333.983 14.4051 106.438
1675 468.259 17.0288 114.495
1676 365.802 18.6057 119.177
1677 418.561 21.9946 120.666
1678 464.018 16.2657 123.508
1679 435.94 17.5896 120.972
1680 430.231 0 122.357
1681 446.642 0 120.98
1682 426.754 14.5755 119.644
1683 398.567 15.2515 112.121
1684 384.721 18.5137 117.237
1685 437.016 17.5938 116.449
1686 439.237 14.787 125.128
1687 409.105 0 121.901
1688 434.404 16.2373 121.395
1689 339.651 16.0977 121.185
1690 384.185 18.2294 125.541
1691 505.552 17.2976 129.381
1692 434.399 16.898 125.772
1693 509.493 15.3514 129.504
1694 471.274 18.6173 128.241
1695 504.961 20.6149 117.839
1696 471.55 16.5321 113.47
1697 484.974 24.6954 124.773
1698 558.442 11.4396 118.863
1699 486.633 19.8227 118.289
1700 474.575 19.5976 117.347
1701 485.025 23.2372 124.524
1702 456.361 16.5369 132.277
1703 432.249 17.4691 132.072
1704 404.134 14.505 117.293
1705 489.029 18.6166 123.908
1706 457.763 14.6845 122.442
1707 450.357 16.7332 122.425
1708 437.952 14.8285 130.329
1709 406.135 0 118.785
1710 496.268 0 127.043
1711 504.72 0 127.228
1712 495.192 0 134.305
1713 523.257 10.9636 133.3
1714 503.955 15.4278 128.128
1715 516.908 0 130.634
1716 492.876 23.1974 137.747
1717 535.387 0 137.379
1718 435.548 0 117.898
1719 452.916 13.9738 118.633
1720 433.94 19.3622 109.91
1721 351.918 24.6964 121.266
1722 346.495 16.9554 118.616
1723 322.588 13.5719 105.559
1724 348.762 15.901 108.289
1725 291.229 15.2727 117.092
1726 310.799 18.5453 117.716
1727 294.625 0 110.607
1728 350.587 0 113.419
1729 336.349 20.6045 118.79
1730 357.048 15.5334 106.611
1731 322.209 0 113.02
1732 377.992 17.3975 106.64
1733 350.912 0 99.7107
1734 358.971 14.5969 113.536
1735 327.584 0 109.101
1736 381.674 16.436 119.641
1737 345.706 0 120.757
1738 358.063 16.8958 124.335
1739 382.126 16.2568 121.683
1740 359.546 0 126.65
1741 362.533 8.25013 125.234
1742 371.78 14.9557 130.656
1743 359.349 0 115.109
1744 387.546 0 114.36
1745 284.836 0 114.598
1746 318.21 0 111.408
1747 378.194 0 105.437
1748 334.164 0 100.277
1749 306.061 16.9859 107.045
1750 307.931 16.2835 109.494
1751 309.723 0 94.2378
1752 278.979 14.8815 97.6253
1753 349.1 18.4561 103.586
1754 355.122 0 100.493
1755 366.556 0 92.8525
1756 366.029 16.6881 101.543
1757 355.444 18.8584 104.098
1758 308.082 13.4615 107.032
1759 330.973 0 108.085
1760 327.814 19.1287 108.418
1761 315.56 0 104.029
1762 316.234 0 95.1226
1763 340.06 0 97.8897
1764 323.242 0 92.856
1765 315.247 0 104.715
1766 377.199 18.1 123.233
1767 350.644 0 112.048
1768 371.627 0 114.387
1769 368.449 0 121.468
1770 311.674 0 114.077
1771 351.597 0 105.394
1772 342.183 0 108.978
1773 353.452 16.724 110.952
1774 332.998 19.6798 111.78
1775 290.96 0 104.464
1776 285.745 0 100.937
1777 341.451 17.5552 101.336
1778 324.802 0 109.536
1779 307.401 0 102.613
1780 323.705 15.359 108.454
1781 371.622 0 113.151
1782 329.053 16.3434 105.513
1783 312.967 0 101.741
1784 291.865 0 104.184
1785 266.761 17.5152 106.041
1786 291.251 16.3594 102.636
1787 328.625 16.2115 100.248
1788 326.535 0 104.646
1789 303.212 30.5017 104.209
1790 333.897 18.0607 102.549
1791 305.004 15.0972 104.188
1792 307.999 0 109.435
1793 307.674 16.8258 100.508
1794 339.37 16.1799 97.8001
1795 291.166 9.581 89.7195
1796 289.029 16.0381 89.8458
1797 305.478 12.7268 101.925
1798 280.821 15.9526 91.3166
1799 275.985 15.8192 84.1727
1800 281.466 15.5544 87.3097
1801 285.831 0 91.6811
1802 339.793 0 91.2375
1803 297.633 15.4756 92.3659
1804 280.345 0 92.2953
1805 299.872 17.8062 103.596
1806 304.58 0 101.353
1807 292.85 0 98.4064
1808 318.942 0 99.8459
1809 298.875 18.4509 106.087
1810 302.03 0 103.998
1811 347.448 17.3147 97.1798
1812 350.429 18.1918 93.4564
1813 328.934 18.853 105.471
1814 295.809 18.0774 103.285
1815 263.021 14.5922 100.497
1816 300.785 17.4902 111.106
1817 335.819 0 118.912
1818 336.279 0 113.657
1819 267.601 0 107.185
1820 229.038 0 99.0074
1821 223.256 16.6714 97.5267
1822 235.103 14.9693 93.8677
1823 228.971 19.3424 94.316
1824 257.319 0 95.2621
1825 252.452 13.6173 96.7183
1826 250.354 17.4876 90.9382
1827 243.91 12.5168 83.861
1828 310.744 20.6544 87.6541
1829 290.877 0 87.6749
1830 253.633 12.1328 88.587
1831 279.659 0 88.2878
1832 275.344 17.5619 91.0842
1833 313.472 0 98.2964
1834 293.052 0 88.9459
1835 297.794 17.6071 90.215
1836 305.855 12.5794 91.2008
1837 302.983 16.1002 101.829
1838 312.877 15.1765 108.086
1839 302.311 16.2912 102.442
1840 302.115 15.5726 98.7258
1841 306.228 0 96.0163
1842 312.649 16.917 95.8265
1843 296.142 0 97.9219
1844 284.92 0 96.1108
1845 303.356 0 101.49
1846 345.769 0 108.174
1847 285.353 19.4947 114.905
1848 302.207 0 102.054
1849 276.506 0 94.3634
1850 276.956 19.6804 93.7387
1851 276.838 0 89.6711
1852 266.42 15.0333 99.8598
1853 328.818 20.374 93.194
1854 300.907 22.0312 94.245
1855 307.935 17.4248 95.7519
1856 292.496 17.412 96.9948
1857 307.881 18.482 90.1543
1858 286.371 0 93.0606
1859 284.969 18.4901 104.31
1860 284.706 15.8156 90.3375
1861 279.963 23.0708 101.923
1862 308.933 17.0177 99.4338
1863 266.911 18.958 94.8459
1864 260.715 10.7236 94.7222
1865 252.555 9.05144 92.5859
1866 259.099 0 95.8675
1867 264.788 0 98.4431
1868 277.165 0 102.837
1869 251.459 0 101.023
1870 272.059 0 89.3868
1871 245.6 0 87.6951
1872 275.382 16.5054 84.9727
1873 237.026 16.2949 83.4548
1874 252.602 21.4866 83.5984
1875 242.712 20.4723 85.5356
1876 273.768 22.5313 84.9904
1877 252.913 18.4139 78.1471
1878 222.918 16.1365 66.6452
1879 286.332 14.8646 90.123
1880 244.846 16.9205 87.1424
1881 250.693 18.3123 97.8112
1882 296.985 16.9105 98.6198
1883 252.899 20.6314 91.0131
1884 207.541 20.6967 84.0136
1885 217.504 0 80.3248
1886 196.764 14.9347 59.7805
1887 192.584 17.0001 60.7422
1888 207.911 15.7334 61.0572
1889 197.308 15.2203 63.8577
1890 211.728 17.6013 83.9892
1891 220.868 0 87.5845
1892 231.21 14.911 79.4089
1893 200.347 17.243 80.9311
1894 211.266 16.0964 74.3203
1895 212.534 14.9731 82.5188
1896 226.8 0 79.154
1897 204.317 19.5716 77.9433
1898 244.075 18.0871 75.6356
1899 219.316 17.5705 75.7133
1900 199.442 19.8246 78.3369
1901 226.694 15.0291 51.4545
1902 148.514 11.703 54.2886
1903 171.726 13.191 58.1282
1904 175.287 16.5174 59.6947
1905 188.282 13.1769 68.0008
1906 180.584 17.0165 80.5567
1907 186.377 16.7304 76.9545
1908 178.396 18.1425 78.068
1909 167.536 15.8826 70.675
1910 190.845 15.1579 61.2327
1911 188.285 14.2199 61.8956
1912 193.253 17.2444 58.1068
1913 193.762 16.0184 48.9971
1914 200.023 15.1347 51.8464
1915 163.487 14.9883 58.5197
1916 159.293 12.122 56.0468
1917 169.802 16.5875 60.1246
1918 176.499 16.4416 58.0642
1919 164.281 14.7429 49.8899
1920 167.99 15.1571 58.4574
1921 156.259 15.6449 60.7076
1922 176.834 9.60574 65.3086
1923 167.446 16.8935 74.183
1924 166.264 14.9149 59.1336
1925 165.735 13.8918 58.9302
1926 141.285 13.7091 53.4068
1927 162.594 15.1563 47.7652
1928 167.408 15.2634 47.2975
1929 166.717 17.2352 54.0128
1930 162.037 12.6049 55.6224
1931 151.588 15.9677 51.6237
1932 145.946 15.5173 57.2765
1933 145.748 14.9389 48.1629
1934 169.738 12.2389 48.3185
1935 167.427 12.9372 49.8918
1936 148.869 15.8734 48.4827
1937 142.78 15.6198 50.8388
1938 153.874 14.1822 46.9226
1939 158.759 13.9078 50.0948
1940 169.545 16.6125 52.468
1941 161.288 16.5392 55.1824
1942 179.655 15.529 52.9913
1943 184.596 13.7047 67.6711
1944 157.854 24.3705 80.4635
1945 199.238 14.5572 60.921
1946 170.445 17.4227 70.1649
1947 191.539 16.3036 45.3081
1948 188.235 13.8947 46.6433
1949 189.767 15.7253 58.0572
1950 177.483 13.4225 52.7616
1951 181.311 17.4963 55.7804
1952 206.447 14.0494 51.1566
1953 187.969 14.9633 50.2217
1954 200.438 14.6634 58.5307
1955 200.934 14.8924 62.9998
1956 226.634 13.9002 69.5291
1957 178.727 14.9735 65.7628
1958 168.013 15.8185 65.9922
1959 171.991 14.3879 53.2337
1960 191.443 15.167 52.8287
1961 176.583 13.2797 59.4123
1962 191.894 12.0965 54.715
1963 193.999 11.448 53.2326
1964 173.854 14.0816 49.4761
1965 150.536 15.8749 63.2545
1966 186.67 16.501 65.8525
1967 179.637 13.8672 50.0555
1968 197.55 14.6343 57.2319
1969 180.95 15.8458 77.9716
1970 176.066 16.1615 71.5836
1971 174.31 15.8747 57.3252
1972 167.825 16.1291 50.3972
1973 179.774 15.2009 46.5517
1974 234.955 11.2036 49.0119
1975 169.546 13.7453 42.1243
1976 221.087 14.314 49.3591
1977 211.292 17.1092 64.6362
1978 195.774 14.6538 63.3259
1979 188.236 14.0207 54.637
1980 158.938 14.5086 51.1759
1981 197.491 12.6131 54.3519
1982 171.803 14.1997 54.4747
1983 175.234 18.7566 67.8557
1984 174.149 14.4684 69.6061
1985 203.885 16.2058 68.78
1986 202.212 12.9497 65.192
1987 154.931 16.0023 49.7372
1988 180.676 13.0979 46.8107
1989 184.046 15.3143 43.5614
1990 190.425 14.7363 49.9345
1991 161.878 15.8693 48.4279
1992 159.607 15.6278 50.8592
1993 235.056 15.0404 54.7128
1994 179.935 15.582 53.4332
1995 193.436 16.585 58.9259
1996 211.262 15.0814 53.8035
1997 236.636 13.819 53.726
1998 186.128 13.1766 52.5696
1999 178.582 14.0192 52.3818
2000 188.762 15.0613 59.3386
2001 155.142 14.961 49.0907
2002 177.86 15.275 50.452
2003 169.684 16.713 55.6118
2004 180.682 13.463 48.0979
2005 168.209 15.2091 47.7832
2006 158.947 16.3031 52.6829
2007 146.664 17.0087 47.314
2008 184.799 15.0911 44.2389
2009 174.271 15.2204 45.4599
2010 173.169 14.3071 48.1659
2011 168.617 15.7447 46.6986
2012 161.113 12.8791 50.9233
2013 176.879 14.446 50.6583
2014 183.949 15.5891 52.9944
2015 200.311 16.2864 52.8802
2016 158.053 15.1733 51.9015
2017 202.526 14.916 46.579
2018 158.309 15.2167 50.2332
2019 152.611 16.5325 59.8893
2020 170.702 15.1062 51.2933
2021 147.76 16.7816 47.8618
2022 131.739 15.3429 44.1636
2023 220.443 13.2693 48.6461
2024 173.163 15.8709 50.2976
2025 180.361 15.2291 42.3878
2026 177.547 13.5023 40.691
2027 177.809 14.9115 40.5802
2028 160.938 14.8935 44.6744
2029 146.462 14.1065 47.4118
2030 167.567 16.2936 52.1982
2031 166.362 16.5462 50.7079
2032 168.731 13.5482 40.5154
2033 167.705 12.5902 45.0021
2034 154.223 14.4695 41.3754
2035 146.274 15.1498 42.7751
2036 136.011 17.0216 44.0508
2037 169.238 15.2923 44.9429
2038 156.649 10.7364 44.99
2039 154.436 16.3687 78.4305
2040 165.106 16.2726 58.5586
2041 161.838 14.5616 48.2707
2042 179.195 14.1799 47.4594
2043 169.088 13.7699 54.284
2044 151.018 13.1711 46.5042
2045 199.693 14.131 51.6477
2046 190.682 16.1027 50.1337
2047 178.971 16.0336 47.6003
2048 195.73 13.7094 55.0987
2049 190.412 14.0096 50.5122
2050 196.793 17.0747 59.7274
2051 186.49 15.9329 63.118
2052 214.989 11.101 70.7905
2053 217.232 15.9409 84.9564
2054 203.699 25.559 89.5287
2055 214.524 21.1752 85.0519
2056 199.436 18.4392 78.2419
2057 182.863 20.1589 78.3397
2058 970.618 18.8792 78.2673
2059 209.285 14.0416 71.0795
2060 208.267 16.8534 77.4834
2061 199.897 11.3346 82.0909
2062 212.066 23.9484 89.0326
2063 231.958 12.3384 80.4851
2064 228.641 14.9536 66.4765
2065 201.466 17.0216 72.4942
2066 231.099 23.8865 98.5234
2067 221.415 19.8509 101.606
2068 227.86 15.6834 100.768
2069 228.623 27.2551 99.6539
2070 229.248 22.7912 92.1895
2071 217.632 14.933 87.8878
2072 261.678 17.6678 81.814
2073 236.798 18.0588 93.3535
2074 255.911 23.0552 94.8916
2075 225.614 20.0137 93.54
2076 229.752 17.2616 91.2945
