0;316.6666666666667
1;336.6666666666667
2;316.6666666666667
3;296.6666666666667
4;369.3333333333333
5;363.3333333333333
6;296.6666666666667
7;383.3333333333333
8;303.3333333333333
9;296.6666666666667
10;370.0
11;316.6666666666667
12;376.6666666666667
13;330.0
14;356.6666666666667
15;316.6666666666667
16;424.6666666666667
17;330.0
18;303.3333333333333
19;360.3333333333333
20;350.0
21;423.3333333333333
22;349.6666666666667
23;316.6666666666667
24;336.6666666666667
25;376.6666666666667
26;363.3333333333333
27;349.6666666666667
28;370.0
29;436.6666666666667
30;430.0
31;436.6666666666667
32;310.0
33;303.3333333333333
34;336.6666666666667
35;363.3333333333333
36;370.0
37;450.0
38;330.0
39;336.6666666666667
40;383.3333333333333
41;323.3333333333333
42;383.3333333333333
43;363.3333333333333
44;483.3333333333333
45;310.0
46;363.3333333333333
47;370.0
48;370.0
49;310.0
50;363.3333333333333
51;370.0
52;343.3333333333333
53;443.3333333333333
54;396.6666666666667