<?xml version="1.0" ?>
<PyBrain>
	<Network class="pybrain.structure.networks.feedforward.FeedForwardNetwork" name="SupervisedNetwork">
		<name val="'FeedForwardNetwork-8'"/>
		<Modules>
			<LinearLayer class="pybrain.structure.modules.linearlayer.LinearLayer" inmodule="True" name="in">
				<name val="'in'"/>
				<dim val="45"/>
			</LinearLayer>
			<SigmoidLayer class="pybrain.structure.modules.sigmoidlayer.SigmoidLayer" name="out" outmodule="True">
				<name val="'out'"/>
				<dim val="8"/>
			</SigmoidLayer>
			<BiasUnit class="pybrain.structure.modules.biasunit.BiasUnit" name="bias">
				<name val="'bias'"/>
			</BiasUnit>
			<SigmoidLayer class="pybrain.structure.modules.sigmoidlayer.SigmoidLayer" name="hidden0">
				<name val="'hidden0'"/>
				<dim val="45"/>
			</SigmoidLayer>
		</Modules>
		<Connections>
			<FullConnection class="pybrain.structure.connections.full.FullConnection" name="FullConnection-5">
				<inmod val="bias"/>
				<outmod val="out"/>
				<Parameters>[-2.1509452777402136, -1.1397728099519608, 0.0047497333877326593, 1.4669302510452531, -0.86536385185112619, 0.79177243807911046, 0.11348311342427407, -0.065217906263876579]</Parameters>
			</FullConnection>
			<FullConnection class="pybrain.structure.connections.full.FullConnection" name="FullConnection-6">
				<inmod val="bias"/>
				<outmod val="hidden0"/>
				<Parameters>[-0.61687888400166979, -0.12186621469530537, -0.96062732230536596, -0.69822633090438457, -1.2697007107332992, -0.58274634671549652, -0.19569188661784967, -1.1411807001774696, -0.10867972221660047, 0.36748205608415946, -0.12545219406699018, 0.71844312235797336, -1.3564246241472551, -0.55945192542996491, -0.50737565791004224, 0.59442022889498491, 1.4935769369493126, -1.0744559005836367, -0.47627939432594246, -0.19765040601588874, -0.10390449439890156, -1.0568789407175061, -0.93731146470708016, 1.6326235979597612, -1.2737989151959537, -0.056375324316190731, -0.89222889910020664, -0.067133489002994748, 1.6896154477776666, -0.33531190518981496, -0.012743790436993131, 0.51984883574251084, -2.1945100075632427, -1.7980661654983341, 0.91085957717277621, -0.12275590695116635, -1.2363945624323398, 0.78716643890742666, -0.54197905198874985, 0.73907879842439261, -1.1034715681328229, -0.49077848809591357, -2.695798598653123, 0.29137619409596438, -0.65594972398471751]</Parameters>
			</FullConnection>
			<FullConnection class="pybrain.structure.connections.full.FullConnection" name="FullConnection-7">
				<inmod val="in"/>
				<outmod val="hidden0"/>
				<Parameters>[0.73569095315055766, 0.16341208053888648, -0.42472877556181843, 0.79674827861994524, -0.81037434876867309, -1.2492084822612859, 1.7321230222961124, 0.89695535229296286, 1.2469846610660158, 0.46639454974780692, 1.1259402612819283, -1.7722533903918269, 0.1002700868557074, -0.71430929603136051, 2.1188964426603549, 2.1724883060701177, 0.0080622293919295762, -0.54553504648925355, 0.19916862321403805, -0.34655609140745075, -1.3783482656821735, -0.29022835689197202, -0.80142524622276645, 1.0891974509238582, -1.1797096754915741, 0.97755260102832553, -0.51250015736971044, 0.13875438232159309, 1.1282263267562647, -2.0705044006025601, 1.9667816565062126, -0.59552840277201313, 0.0014696476123167081, -1.3435994058288858, 0.4616197355324605, -0.2787060411284174, -1.6350834565869776, 1.0694086257224, -0.12719159697393451, 1.3526035424966625, 2.3233672692779059, 0.84097299780356616, 0.083958131986725679, -1.8754260351730567, -0.90559850799434627, 0.060164399694439014, 0.84442716095954307, 1.2407171991999073, -1.6484025190786398, -0.53902659764644045, 0.50945255472675521, -0.45134490810986622, -0.69388619481366853, -0.75412604999297872, 0.63953777670687184, -1.6610935031320659, -0.10920349755934176, -0.19422729180817341, -0.21080806895708357, 0.0032129208929022116, 0.49626269988649918, 0.94493799077853957, -0.62073388886289882, 1.5081897182087896, -0.39820640285288156, 1.3903339812250393, 1.0129215506151346, 0.30603035501885467, -0.024868105962180021, 1.5088565439631598, -0.75612948173916983, -1.6426295001848432, -1.4043324498367711, 0.082998039900191237, 1.3304141575171582, -1.3492915593717441, 1.1586335040366575, 0.97798749774452942, 0.56657955851521891, -0.25366594772112344, 0.46203016819892434, 0.083991763817992657, 0.99974628325010351, 0.012659395194706364, -0.72734749421338096, -1.0817017112355611, 0.42022933095589438, 0.12881506639389145, 0.51625806303615696, 1.5494302810913709, 0.65753970287453756, 0.15810245073989643, -1.4082074691540578, -0.11678955456250262, 0.44644647339876548, 0.84154730740956019, 0.90126251364228771, -0.25685284566431121, -2.2253571487577259, 0.092458318182989066, 0.79721952143725294, -0.80437194507191689, -1.0305717423674838, -0.077105482235893946, 1.6265836496444581, 0.20195622208537911, -0.56524135331876724, -0.87103572179524857, -0.76660513123788188, -0.40884197841185099, -1.8515350616142796, 1.1743737145872215, -2.0065189733020223, 1.1841309443450436, 0.093625026877253062, 1.0187386903045159, 0.88928347250355055, 0.67596655295470942, -0.73879935249089723, -1.6170130046245079, -1.0771689216131681, -0.76172745012230836, -1.8591469858588072, -0.58687590702856807, 0.80551244325967675, 0.6321315099086231, 1.6385162403318456, 0.93212092267299873, -0.55102353234828971, -0.060023648193263758, 0.57184448833608814, -0.33392019182974969, -0.29019898950251188, 0.3078851046015722, -1.0690438809422704, -0.12279319712417927, 0.098205693140740805, -1.9012931625894847, 1.5008412047998159, -0.59749660448165076, 0.44601392181305288, -1.6371623036781586, 0.16260761985077068, 0.37596312761144979, 0.34406086884108278, -0.53467365976478476, -1.2811897472269111, -1.3294210329555138, 0.16570208808838383, -0.24224679556304884, 0.54063792528900245, 0.7351279743740804, -0.65420846229634233, 0.83997086396766507, 1.1946368591587488, -0.64807962437987765, 0.58883734187813241, 1.1681094515712376, -1.1382727872825289, 0.72926961337838858, 0.1303735242325505, -1.1877699428686082, -0.86647272953438148, 0.15534374196539452, 1.1395803714617061, 0.75787873973053221, 2.1734761021708868, -0.23004106725418819, 1.1965571758602016, 0.72359265384231497, -0.091282778153362651, -0.92614542086724994, -0.25287777699074587, -0.23293057006379173, 0.41126848225329099, -0.52753230223337633, -0.96321960242955529, 0.67184285726425064, -0.090313412590278128, 1.2532430652952273, -0.29399236136491963, -1.077667558183766, 1.7562520686228109, 1.2464050983081945, 0.66066744118403697, 1.7103356766041724, 0.97758635429212548, 0.71086763466356839, 0.4297641221824442, 0.72080376990928519, 0.43874268029049113, -1.2699042406419296, 0.81717628437921452, -0.48810611211453198, 0.51366501439186429, 0.30279513556415549, -0.39165277468296877, -0.18662677757629961, 0.63476193941796655, -1.2569297046224668, 0.85008608199159796, -0.46820972729495547, -1.4567813867384893, -1.3210661607398393, 0.44826473905789282, 0.97200342853036092, 0.4018629319129674, 0.13199181566796644, -2.0075761006049486, 0.15063839905628204, -0.15844722165564085, 0.93547516108363005, 0.069082215432432023, -1.3582137310657327, 0.14909910320964745, -0.07485888035697176, -0.30326510252956068, 0.1238062020434986, 1.1293515148508919, 0.84642132271199044, -1.2932423173025573, 0.14083166218675125, -0.89808482021864666, 0.030041454905653148, -0.20580411249770486, 0.040977580943053253, -0.6564182755806548, 1.0057387709826517, 0.36723203266308152, 0.80637950298481198, -1.6537087583849071, -0.69650544688293781, 0.43329382237133929, 1.6695806390586476, 0.036476729914412857, 1.9029271255750646, 0.36217341032935113, -0.38128021861432609, 1.2079071368229739, 0.23138276614664979, 0.24714243422972154, -1.109044952995037, -0.76352537996690117, -0.23964390110042808, 0.623639412789737, 1.5715309739373673, -0.049638458163130943, 1.310551171488143, -0.50198304653497228, 0.90735247340341374, 2.3407079843108867, 0.27617838393093341, 0.062158070399437479, -0.068144878766119146, -1.2461953071129672, 1.2289465233712313, 0.37984518165729925, -0.35807722014747601, -0.65461606379049109, 0.19664908188562666, 1.3557862364863755, 0.22005238123075369, -0.90014925818580449, -0.60447212708568032, -0.54713099475352445, 0.14515663213227464, 0.7973488257204181, -0.90618570152754119, 0.35367107064902525, -1.254321542033646, -0.11100435696270694, -1.2566908291000201, -2.21746116984689, 0.46529781951378552, -2.0997382804349343, -0.20188381622559318, -1.8616275731186478, -1.3724173771296382, 1.1598561471443167, -1.5222646990756281, 2.0947248767552704, 0.16740479642270936, 0.59957721498714278, -0.4257613353954352, -1.1693894205748965, -0.91917407933541362, 0.31869006231543517, -0.36070977557278189, -0.56245884176789518, 0.020891365981076042, -0.037889431879844532, 0.54055551618500541, -0.72950965186222216, 1.1396601768223313, -0.9684283204562586, 1.0479735956757503, 0.3921015428891918, 1.8922050372629224, 0.28237407967727757, 0.39833137931809964, 0.41196906656029225, 0.75333279954980836, -0.42866478379398854, -1.816733454995793, 0.63480147384259578, 1.3763932840816384, -0.44252009012106935, 1.6719999933689287, -1.2526209946372477, 0.65004259611341753, -1.3029053197932703, 0.1556970190336813, 0.3511108271534476, -0.026164379623565819, 1.2668283297828622, 2.9331823478486587, 2.1028050018175093, -0.46862622870040682, -1.6288437561711224, 0.97932493066679638, 0.091318586267788299, -1.4366875232410079, 0.89390261598854837, -1.0931325573898394, -0.74400180190230758, 1.0473444068161564, 0.47416621375351908, -0.38333912986695695, 1.2095221547812656, 0.79672234895792426, -1.538718812815866, 0.60453570192512229, -0.78491584790879421, -0.50363820122587222, -0.3804272086659386, -0.79356065316135993, -2.8102319074991757, 0.69874910121982181, 0.48156546251333954, 0.77239377926670993, 1.3067047922201682, -0.85633914518417964, -0.73485675432694908, -0.34369575694825821, -1.4316496046424152, -0.28450938457945657, -0.51911895113560391, -0.35594399925207054, -1.4647493427048432, -1.1191708983072726, 1.3539038257579119, -1.258698465195867, 0.053178163845543101, 0.51870325818126872, 0.025612873309395309, -0.21675863926282352, -0.9703423151705276, -0.78556965344951335, -0.55674583170533432, 0.54435476204498956, 1.1368800237189012, 0.038119137520329853, 1.1403899246137785, -0.50898278547799303, 0.80295677365670792, 1.750560050303424, -0.68823860884632704, 2.0741689488882988, 0.68499824151828403, 1.3456668510717942, -0.14525923193203985, 0.25230194722870186, 0.64381711154431687, 0.074128885199773439, -1.6619723440403438, -0.73342194720857679, 0.98892804475280283, 0.29479288843782969, -0.93703185233570474, -1.2920972887805973, 0.35735350485166706, 0.58733783143973362, -1.6123874413336243, -0.03582726382720787, -0.121361426749509, 0.5599625144377931, 0.12724518349122382, 0.92448283270762044, -1.5250648628451426, -1.6160866393753193, 0.57446666665658486, 0.22249224550003996, -2.3932515986625353, -0.29711143693464709, 0.77856766353544549, 0.52476466218438511, 0.61154853039898427, -1.6426069197169058, 0.0064755482323006616, 1.4641773078063309, 0.76104917974729058, 0.11688139731962782, -1.5023978186778684, 0.25532659017944315, 0.87862209363607013, -0.94378195399388487, -0.41187897294265924, 2.4941630534461585, 0.24315189986307675, 0.56614372493622589, -0.12933083282181679, -1.1083222767794876, 0.01466875515314813, 1.1177508376647141, 0.96936892172754618, 0.59062878421974085, 0.69301569386603157, 0.70987363688046312, -0.45767256802563566, 0.38717831390407498, 0.3592649775393727, -0.22658121359662087, -1.3693173681272643, 1.3259849702774875, 0.33048619650178612, 0.35561927391369985, -1.647640608137549, 0.66067070359509728, 0.132540909778914, -0.12618075398106113, 0.53122055131048762, -0.49537665042737256, 2.7375682953163345, -0.44775862931332683, 0.55103792606097834, 0.40389045943024365, 1.0734386645245526, -0.82312418317738789, 0.91956318615393562, 1.4768442804557385, -0.50608273796689995, 1.2284716951124515, 1.1391643999606749, 0.75026414379617445, 1.2313368839015224, -0.065202606215367873, -1.0665019071597481, -0.083004681828060686, -0.77404631369842869, -0.15726218734802397, 1.299665041166719, -0.62099661474705881, -0.20794317136846088, 0.73974671571082495, 0.31608605333013184, -0.47628008531632482, -0.082196709471793125, -1.3243240293606491, -1.5349513438596656, -0.14818251237204375, 0.77234486834509697, -0.29401737483590173, 0.82341435519237183, -2.152934737135757, -1.8929372452155082, 1.2583883506238434, 1.2208382415461925, 0.4244865042446892, -1.1111545544048522, -0.61090895535632284, -0.030263910472612617, 0.38263138617247844, 1.0403704824404099, 0.049410563531694332, -0.30030598234080452, -0.14441548367039275, -2.1212942637406562, 0.45620641901276399, 1.9879194906193534, -0.0094288464093013353, -0.0078589420869085644, -0.061626677686471863, 1.9080997172817973, -0.37064703243014846, -0.4026299576336545, -0.073626501382444393, -0.37050911320990221, 0.47038585607290506, -0.49311353709190753, 0.37349143287042108, -0.75121971843895285, 1.2446522029640512, 0.3082959382792953, -0.05460283296156096, -1.0340409296920305, 0.45162471373253921, 1.785444591805315, 1.2311092202945344, 2.0441506814470305, -0.67014981639373239, -0.47539404862885215, -0.87124558934521401, 0.44896428899686197, 0.0074751754017609341, 0.75066269203713676, 2.6580761269373587, -1.2584648373159022, 0.12645046692081124, 0.99471445274571479, -0.10607868301384762, 0.81530737602433256, 0.43782253531361248, 1.4183829411123641, 0.31007523827905198, 0.081534481845603315, 2.2381395466019338, 0.092978904359459172, 1.5769804741832427, -1.4780938516157478, 0.13580021356720171, 2.1070199043611115, -0.56671350400368359, -0.16086444444926315, -0.17238859597869394, -0.84399248051117381, 1.9735840658831318, 0.7374509353948967, 0.3097144676452761, -1.0339992368317048, 0.70897621688445311, -3.0143830563551028, 0.3366772852711461, 1.2321678444136417, -1.7082696795667816, 0.38065961789917691, 0.56700194419644778, 2.4468283828399024, 1.8976979489872874, -0.31612899840706377, 0.11666127525727757, 0.37156056665684833, -0.76673182149108854, -0.75294038127384655, -1.2499338202635539, 0.51308436032470617, 0.24932521083591094, 1.2199947274827998, -0.92964144655267655, 1.0824656350737463, -0.66172730653040712, -1.0137744334026957, 1.2092237297690767, -0.62496957265354913, 0.5283367311138687, 1.6763095387821672, 0.31403286494074306, 0.56536088043956734, 0.099607592078983773, 0.034789206534094619, -2.0093446904382932, -0.61033522850406596, 0.12836933265579589, -0.051074189194494302, 0.66834852794359345, 1.9441805415028797, -0.53332172760100616, -0.1525619217302541, 0.40837159410364426, -0.067544222573636681, 0.8496748417584169, 1.1656543939402262, -0.8190350000902008, -0.095447591876288873, 0.89419450467572192, 1.1334102976431248, -0.50745327577199717, -1.0763467348011797, -0.39911058812580857, -0.086823098885957364, -0.31218723509894031, 1.0081832947380456, -0.14481621819718618, 0.28730923310420808, 0.07828052837572777, 0.44408634522052715, 1.4844875932103858, 0.37440456957513474, -1.2047255751406791, 0.57763299742571461, 0.68241878409739187, 0.91091501402902153, -0.063978930460987599, 0.085800322882256252, -0.29625837357438406, 0.05280013479811399, -0.15296847040733669, -1.7137366298151626, 1.2701361562165823, 0.16420905630759097, -0.49226316440866391, 0.52673957929723969, 0.43229151298770946, -1.9897251259217439, 0.70382050320327771, 0.3284116291748313, 0.49495740853633918, -2.0452517297237138, -1.8234474946572214, -2.6694088936678777, -1.471073655704537, -0.6295131526381964, -0.14982570879130491, -0.4769663176382426, 0.15741650871376639, -1.9674105757315885, 0.68813154800708443, -0.16149544980174202, 0.79017015972102744, -0.28803810948220521, 0.12083804228819472, -0.36740457925643755, 1.0392767124210274, -0.29264976177915764, 2.6915427497416919, 1.3480708688186451, 6.7675877719711546e-05, -0.34235994976874756, -0.2197369160023504, 1.2452633829047783, 1.1732908765771712, 0.71174203680951131, -0.55043256765692083, 0.94626655687090866, 1.3359975656114607, -0.048304133880962295, -0.44099108126992659, 1.2092752810699814, -0.76396432126872882, -0.28499392468966528, -0.010885620499674292, -0.7296342182366401, -0.30467462680545354, 0.87434701728920727, -0.52724515205862865, 0.35099489891360458, 1.6560601627518965, -0.10062455903080191, -1.5645882910545401, -0.44281452001383848, 0.65391523186594969, 2.0872291585435483, -0.50629711596115234, -1.8667472301106378, -0.83356647302842823, -0.83533210666387492, -0.75653477216180609, 0.81332612198913645, -1.4063212437254566, 1.837640890720972, 1.1972765486965111, 0.43364088537847323, -1.3656608998093303, 2.4128924520733395, -1.6717865530992373, -0.282632168827399, -0.42521663205042448, -0.25789682064178604, -0.0064110378801548722, 1.2845463760858196, 0.23348923015617704, -1.3042154293593637, -0.53583510325555728, 0.80022594847408501, -0.3794330122549156, -1.2929341851731961, -0.38893210098929365, 0.22255514958848882, -1.0596988176999822, 1.8091760240725738, -1.5590986529046835, 0.11731207048617684, 0.51095909057143851, -0.56297106171054978, -0.0028956843447060098, 1.1232592973828683, 0.96609168104687138, 0.69008217062936072, -1.3504080412510648, -0.45945209162118877, 0.31069509765470621, 1.6435313221118601, 0.73791276494296187, -2.1875226694254413, -0.67781362653875799, -0.56317989189711692, -0.74188894576145537, -0.77807069416425079, 0.76717158428877819, 0.85935075684015727, -1.2639997695704621, -0.92409399734107189, 0.17479572931214063, -0.72925229582820228, 0.99420711026974262, 0.080378118049239597, 0.77777079072550026, -1.0315464454645145, -0.82171594300980311, 1.8922360261776814, 1.2599537177694751, -0.046262670140389817, -1.124836968343528, 0.31596676091995418, 0.71763572494626116, -0.87609851373182279, -0.55702965296296536, -1.1473956033462276, -0.83164777885165075, -0.068570961190922958, 1.036437294791654, -0.068418348370435464, -0.51456719859674405, 0.042087289198527833, -0.28052038813023522, 0.4582836643201682, -0.3264201871666374, -0.09917517724905682, -0.33240464289483973, 1.6487219888789568, 0.4577438734133748, 0.024308460303794712, -0.28938689846359456, -1.245812263570085, -1.6070535658118557, 1.3066243504998598, -0.50438493664632922, 0.18663227854119321, -1.1524798739324935, 0.21074640398210273, 0.38327324442077593, -0.95704051357134567, -0.6290718731834819, 0.58462023009348763, -1.5063790388727021, 2.3222192103246555, -0.91151401425576151, 0.071770929820598184, 0.82869844724233499, 1.4586500994573324, 0.16306863103376729, 0.11505666759042051, -1.4270589965664784, -0.33361786369202739, 0.40772695292566113, -0.78038517464414792, 1.3138391452173159, -0.30757387930772212, 0.33321758079629615, 0.6443752091988787, -0.0902080211340342, 1.0642383605101282, -0.75072041228876796, -0.22236798970721522, 0.64227301345109167, -0.91662794130607961, 0.51868123770234764, -0.18027848299375063, 0.49231358783929252, -0.33126644486757884, -0.82646667600485768, -1.1362917165048996, 1.7456305517613999, 1.9397817165984095, -1.0269817454730934, 0.58634605023340569, -0.35472528536438458, 0.37161509970709439, 0.97163113830914138, -0.012872513407842491, 1.0365387940203772, -0.20752615095168864, -1.8534730246779223, 0.7837274146443225, -0.29816252321997794, -1.9776329946076507, 0.65828036967914794, 0.56439823640958386, 0.57589601843783678, -0.196863717974293, -1.5409776852897881, 0.46073756877798722, -1.0796788727483597, -0.21121220687107628, -1.1290320819248636, 0.86100371900253847, -1.0148137412862397, 2.1428423086866966, 0.44915910063366549, 0.27549817060598963, 1.1297071467154973, 0.36562771525929089, 0.8283121541985381, 0.78244676406192137, -0.88097028637176977, -0.97120197590330826, -0.90866341985985588, 0.22073041299469726, 0.97407169962539153, -0.28237970920345273, -1.505365141053145, 1.1027649931272911, 0.47487903446546248, 0.085900388385119625, 0.31059890376272692, 2.1669976751954039, -1.7632594098545393, 0.06147246301852468, -0.10769814872712412, -0.50243318216482957, -2.2478835747119188, -1.224422398020403, -0.066864259567425144, 0.46644059675309546, 1.4996274394616351, -0.1425765363859709, 1.2486199135620804, 1.4686151458004404, 0.43773020210282149, -1.2647279752219416, -0.94185285984853573, 0.73937500472779472, 0.069010250805149234, -0.26305346596931295, 1.0176472634022982, -1.7156748361180629, 1.4152992602312757, 0.75179718801119166, -0.68962920212848366, -1.9159347533656543, -1.08801345749917, 0.18962257845138394, -1.5311283063073784, 0.73744103738971611, -0.18160120920137915, -0.44946279763154751, 0.81919449363553654, -1.0068541884371396, 0.98253393472503703, -0.14640752540712107, 0.21993852100838479, 0.4264858053293914, -0.76464162784959933, 0.77946542667144891, 2.0189087227223088, -0.99004124035557173, -1.2398844019881046, -0.64430090349459213, -0.26965883173369715, -0.3973295003914859, -0.16667427498510143, 1.4211129728820897, 0.3993535202905511, -1.1800284749365506, -0.20786099822521464, 1.0143924164746501, -0.31268987363456285, 1.1877258640232067, 0.3419514830362072, -1.2680002677832405, -2.0230322909024938, 0.64230034738708042, -0.94514327980587198, -0.21100137233336183, 0.63211754468772641, 1.2651939309827291, 0.05806426858879353, 1.1987336562949871, 0.75579471944613019, 0.012554620283461528, 0.75547896071557541, 1.1420250347004082, 1.5806437344292021, -0.47052937849177134, 1.0283109878980823, 1.1877231632584881, 0.22625339591344862, 1.8746641064371254, -0.43937878868650149, 0.89250092942764458, -0.50149776169831894, -0.52827055928097622, 0.37575072620037908, -0.84627794988480909, -0.69923013843613468, -2.3584118843798954, 0.17476215432128714, -1.2274845483016605, 0.52841674932090854, 0.72503800353441195, -0.20667848573708433, 0.2473938688211422, -0.71656068392942529, 0.70368846056714585, -0.26144790726470796, -1.0682607376246476, 0.28977142004184347, -2.5101894881724847, 0.19233202549122796, 0.28166476100144544, 1.6445492591982147, -1.0096426198691129, -1.6497398373790124, -0.31129189371495175, -0.0022377324978148398, 1.068762707070716, -1.1499515501961053, -0.62587257934700347, -0.063118208320967262, 1.0632754924663814, 0.81273105820529468, 1.3971343657350941, 0.71445502685011042, -1.0541136745016007, -0.808697129966509, 0.21795788067422908, -1.6341651783775224, 1.3080880973161899, 0.22631528349720725, 1.6263681790915081, 0.21654305345455016, 0.42082461068977794, -0.56142037947434786, -0.64375386641609678, -1.3550267090011787, -0.068565114878544539, -0.3013428081383096, -1.0743490358557681, -0.95595094825344551, 1.3422824077242175, -0.28356938110267677, 1.6410699627420908, -0.48039374301974097, 0.009433709001138664, 0.23432246496110043, -0.58512343038943482, -1.7426302892131669, 1.1831966668934479, -1.1843738921903393, 0.59948104391205803, 1.0435595688462713, 0.62142195325956584, -0.43510447072225122, -0.74066761831472627, 0.86664383040468129, 1.2730145411285398, -1.1718601822333021, -1.3728024247713126, 1.6303742963461776, -0.53018038365155784, 0.52503098810365234, 2.0578512754797105, -0.98138150328951179, 0.57893500088261129, 0.72822238283905072, 1.1948048312525974, -0.44554069701526622, -0.95918769808789717, -1.6603324176034684, 1.2919310891185243, -0.27090023672714841, -0.023380052559009788, -1.577904550495798, 0.11352450726582826, 0.54188770558259691, -1.0175882399522054, -0.49317933632304961, -1.0080423982809816, -0.53218709977347944, 0.56266193778382967, 1.2645175573893976, 1.2768521510010795, 1.3209361537042732, -0.13670042072469629, -1.0713048250127966, -0.46162613323788793, -0.46940765281406699, 0.27447928299609214, -0.21237963669443011, -0.16271826851795082, -0.9469074695347437, -0.20803372214026383, 0.0930378610408919, 0.17123508826177966, 0.3625609869465572, 0.40402293660843513, 0.26667798227215372, -0.12579238568599735, 2.5257485074463575, 0.24343491236968023, 1.4800887912330409, -0.65201837651562433, 0.36402269556851252, -0.92685004203800792, -0.38399522843533579, 0.29277233500641098, 0.5479058868394332, -0.90715017023996236, -2.1367856199530015, 0.1858539652183212, 0.61603732875831385, -0.96592964669502035, 1.1307198434068129, 0.39335284954428412, -0.9106221966122966, 0.4371862209430169, 0.77136414036521728, 1.6437344283710809, 1.4760003215667112, -0.053323239551701186, 0.76207428117534215, 2.3066324038620047, 0.79684244990195985, 0.64518822970062861, 0.43664450450937115, 0.14400221125226037, 0.73236516015598607, -0.84365729706161574, -0.0040359810163894099, 0.35747201100326692, 0.30036795010948353, -1.8008044742506468, -1.6074688133014974, -0.48492175749622046, -0.24369741310362147, 1.392897563837042, -0.020650584637408646, -0.62433752784855878, 0.66378341976810873, -1.0886070863427841, 0.31479292517299085, -1.6799849415511456, 0.45959228554707715, -0.092855555078033725, -2.406399881813774, -0.16267150294297075, -1.015374840878132, 0.41646814010881139, 1.2867161489218655, -0.76581848582268397, -1.0309507117760579, 1.1719477285068518, 0.95106395530904331, -1.3734118435545299, 0.11888878861259736, 0.91383620573373403, -0.10442899898878293, 0.79081116212173519, -2.1080954284433733, 0.41370162722478382, -1.5914086567112866, 2.1221246001149021, -0.30119805441518593, -0.28806421241230301, 1.0926612396725546, 0.19570753451454992, -0.84170256164670076, 0.21426591291168193, -0.88450265579384757, -0.90585588386249083, -1.790029191992774, -1.7493246973549244, -0.82600495299672794, 0.10996976629910694, -1.3420246571779124, -0.41934123397963008, -0.54613116336202083, -0.52279605262388995, -1.2116062306611051, -0.78753082297535382, 0.84304991958750752, -0.38345802769898074, -2.3265892529129095, -0.45524111817227336, -0.47771169915627859, 0.1393061295255536, -0.97341519244914254, 0.25469268517851834, -1.7300024128113427, -1.0380436988555715, -0.55519871806329846, 0.12624156941422199, 1.1091247946864371, 0.081778173194543252, -0.217599888604004, -0.5174585188223999, -0.90089467610937191, -0.33410682171762518, -0.84697643100280162, 0.27025731548924958, 0.76357750240529076, -1.8570466629911417, -0.25173778369342226, 0.20208067606975946, -0.35859106694660975, 1.2967336482166414, 0.35186052592391698, -0.5207885413144886, -0.81662781008464591, -1.4466477305774226, -1.4855813702404395, 0.90570802904769077, 1.425643878180241, 1.8437457281401428, -0.13224987781153968, 1.3175517944134616, 0.97251383543093206, -0.93571730854464863, -0.45501473352545513, -0.22079086255993524, -2.3436001577957035, -1.6136413032550301, 0.39462637452397559, 0.35973375376901046, 0.23529771667481408, -1.4644918194310463, 0.095882056360358028, 0.47016711451553594, -0.70484873702285522, 1.0568923562543131, 1.3730932806993343, -1.3830518855496174, -0.3200480516948383, -0.67642516167127054, -1.0349873256006892, 0.045708222433375453, 0.98058490549960897, -0.42015911459134592, -1.8265692015339463, -0.88820701248931311, -0.56322141845902973, 0.054747382048635475, 0.96180981012912881, 0.37323947216534531, 1.2593957409585543, -0.62661367262509415, -0.35301045155777983, 1.0927336645594965, 1.3424073850687213, -0.42575614558289637, -0.27950658914829091, -0.54483570201910225, -0.99317547143071627, 0.13501345549612373, 0.13156862383206655, 0.98615727202315417, -0.2435850754801944, -0.99668110697130308, 0.55141095665939799, 0.74814599304809615, 1.9910937612315924, -1.8105565698549024, 1.0264141533454822, -1.348156421395496, -0.5785717467187147, 0.17749776232229711, 1.0622239448687867, -0.91074192811777765, -0.81963066207524959, 0.062982778562494734, 1.938280277590362, 0.63165618522940059, -0.62662544600755099, 1.4113288150082612, -0.33119055010914844, 1.8079199157558221, 0.36311447554922111, 1.3059225806731907, 0.46612467378941236, 0.60377519270936753, 0.7757625396987835, 0.2502534383685362, 0.51396628189575877, 1.2867151295093238, 1.6053125491213367, 0.86164422625898995, -0.99811048898170385, -0.19641827609468537, -0.70053956238100223, 0.44632784347410281, -0.54147497724778793, -0.041385233008798539, 0.36640610567909215, 1.5093153192998721, 0.28902938266869399, -0.96460299595025112, 0.14523991529341121, -0.98535653698283543, 0.084555028316422642, 0.20143224066895365, -0.75243470795191636, 0.97310457627914737, -0.22686758835873502, -1.2329757980966451, 0.44718097008839014, -0.34597976387015417, -0.27263400934003829, 1.0665766237079068, 1.5246131952506652, -0.61427497528906316, -0.3953970007285168, 0.3307692234573944, 1.5177853321666563, 1.4912767585649269, 0.036530402897726792, -0.54881753330796756, 0.72092643874534301, 0.69616510290727174, 0.24239019597256442, -0.44835199130668685, 0.63549107698766338, -0.25336375521028986, 0.45170358834763286, -1.3540670157465793, -1.6736793984679679, -1.8427800315956575, -0.86947341191581995, 0.19903879554243364, 1.4328216633314823, 0.55838650531526424, -0.47775970029893294, -1.667055733106181, 0.85415139541426344, 0.55659803108544614, 0.7103035868424068, -0.4676499110220782, 0.76548018992097211, -0.77133612338965618, 0.45867495318392554, 0.84511070587799564, 1.1278540929067393, 0.080271109945723229, 0.10635407755680652, 0.44577297667959398, 0.57476159266147209, 0.69883401238592779, -0.62910205543933495, -1.0410613226305576, -0.21902914946004701, 0.68237911139977192, 0.74376875153222466, -1.2685480843353918, 0.97803691039435459, 0.39286027140312413, -1.2070295442079257, -0.27470596512012024, 0.22200855312480139, 1.2351456331013355, -0.1842769259295938, -0.81666002351305444, -0.92247547007250863, -0.55572426643313777, 0.28352599659917171, 1.1453255460262219, 0.80740847506402669, 1.275428271688436, 0.19575838911314777, -0.71650751306551852, 0.0076702267637597391, 0.82514800569720492, 1.1823429214973811, -0.0873447206553183, -2.2338967216503236, -2.7164411366591095, 0.65630941266220399, -1.5453143301090166, -0.49805974675462827, 0.78024331691454307, 1.3123335399738265, -0.35858791131094092, 0.36823195986317236, 0.2808825015438588, -1.9617946901467382, 0.55825086945346813, -0.081137623752527616, 0.44641545771147306, 1.1836626594021598, -0.75268536691399612, 0.8198446646030304, -2.2407775250189621, 1.2182968811361121, 0.92137588744707133, -1.2268881331932908, 0.7121552487056364, -0.82517674524548523, -1.8788603647225657, -0.50495268492194056, -0.75604278763602273, -1.1221866254971802, -1.357918366954062, 0.34559978337816544, -0.20444599910400552, 1.7946034145369423, 1.3557776134250108, 0.54804843374892476, -0.52897170001541227, 0.24613598033544451, 0.4082691130191064, 0.91838737436622708, -0.37104430304589725, -0.55763691876878141, -0.67982627265301054, -1.1174137392706402, 2.1566692306357935, -1.2722719467040768, 2.2033709686434237, 1.0533120474042132, 0.58641660654250294, -1.1360309018197468, 2.4616138369956513, 0.013113016528145959, 1.442580561988553, 0.26258335499866281, -0.50156466495058338, 0.27156692935229493, 0.39756119811971224, -2.3882293947394486, 1.621362498361997, -0.096295616725381269, -0.0097023088949245041, -1.5542340940475174, -0.19920973786483434, -0.76853832362180241, -0.59403311594030028, 0.25178906234649995, -0.048025691463252709, -1.3057757601560862, 0.38966662003161223, -0.67588135421884865, -0.5516771221416471, -0.54460999810206068, -1.2333362380954129, -0.043822691483411121, -1.9852925335930436, 1.0521193161957132, -0.35116763594741879, 1.5241407279271075, 0.98934254883323847, 0.69896692753925005, 0.23939317307413688, 1.0496576577398855, -0.45143365642213784, 1.9022438529107861, -0.018567633721989187, -0.98984446335211362, 0.095909231337274387, 1.2514873079310318, 1.0847069189033112, -0.14223956202007842, -1.496597364187626, -0.78984805122473134, 1.0329825266725179, 2.1492623398250505, 1.1762671527171502, 0.23268769436730283, 0.60085590104494069, -0.20498770502050545, -0.45212384622977453, -1.0665929375126524, 0.58270652688930002, -0.90799395300451202, 2.1915356954826568, -0.053032765458933505, 0.76816417551483096, 0.16635397801836418, -0.1206352626521784, 1.6757098961037238, 0.46454575870214093, -2.0540307525519057, -0.37095122579638651, 1.1259485995757892, 0.35778341533638408, 0.473888104794085, 0.90457099242351091, -1.3789458702994599, -0.42703822366147698, 1.0391226954227737, 0.19739981090010095, -0.15077211933957302, 0.21248892043716514, 0.2263499119943688, -1.0578835523844745, -0.46058609644650383, -0.34905489641355236, 0.59892868958326273, -1.2511435605964254, 0.81338247707461897, -0.53961285273948945, 0.57446286587389017, 0.32459564375559863, 0.03512790263960551, 0.54406619889499019, 0.13211665829706817, -0.48498703179199604, 0.17684438922348683, 0.73206964826546661, 0.41617903375640442, -0.93722930786186831, 0.52320301549629511, -0.72300464871976156, 0.32294293686603531, -1.1594276554790892, 1.2803004230627613, 0.17454798868234986, 1.2577978596056254, 0.8193487441421895, -0.010408268700839027, -0.44624651255944625, 1.3447759281840628, 1.2084436886643326, 0.091244316324717176, 0.62120973427826864, 0.84266577169526047, 0.19588156345688462, -0.071778444052068194, 0.056842560254867176, -0.70684892155054924, -1.4187422292929983, -1.1769764740609421, 1.4957377762412338, 1.1299864875744341, -1.0184984053245789, 1.2922415164276035, -0.35979451574386717, -0.2714360185534192, -1.7404721804800476, -0.24612937485844738, 0.95153717751364153, 1.068092584449887, -1.1234407469571022, -1.1197774164579555, 0.25152298019374592, 0.86406541749508448, -1.0461696427149487, 0.84711466901381927, -1.2029311397370186, -1.0815291239925369, -0.57545169770778837, -0.85965598725036918, 0.4790791287122515, -1.9154020366795463, 1.5631139535216287, -0.9235616626891392, 0.4113464159839379, 1.5883426393615865, 0.73108863252207323, 0.19887104896909266, 0.10965229142678955, 0.10951885567851614, -0.34552297023026995, 0.33402527406555227, -1.8592841511387379, 0.14779896587114991, 1.2180821704649147, 0.27281977967018833, -0.71970734935906466, -0.60842915246001905, 0.23613341629909984, 0.48412011748440065, 1.5829626374332375, -0.00022079469519031473, -0.53429800588980481, 1.9804586912444277, -0.099807399388204002, -1.1367942801239137, 0.78742303797555024, -0.25698398283589757, -0.8537936976454753, -1.1647620493828685, 0.58043615103366797, -0.66851794403741871, -0.16918761935462398, -0.10775163994962904, 0.48235330977140728, -0.40915654690973918, 0.63576566077647745, 0.84641435926907416, 0.040976993196772449, -1.033227712808271, -0.76089707922046279, 0.66873245761506583, -0.47749257558020891, -0.941089093499895, -3.0387995772010461, 0.91870817203243271, 1.3162139028210815, 1.4873920987993796, 0.30497962979585591, -1.9092249377031016, -0.48961736678316325, -0.46802743331638796, 0.42439158071898747, -0.37753899969253762, 1.8710714111895421, 0.59389840491299883, 0.86027586108147591, 0.81121496562977025, 0.10426922848432753, 1.377352178121011, 0.5998574135926682, -0.039155656490852474, -0.43751904702441557, 0.7866641185756954, -0.31726081103795561, -1.0931145372557951, 0.22443901411724679, 1.1130784506534366, 0.25130408857023212, -0.033647808963449377, -0.91317125201357086, 0.94907467528407741, 0.95752732564831866, -0.78729142852736778, -0.73531116575706679, -1.9974639408405861, 0.2179818040024393, -0.98274309084090627, -0.30897032559067561, 0.13008103954886205, -1.433312821423405, -1.1847661924330746, 0.75936476896515803, -1.4802455264461958, -0.079373659746120956, 1.2291390420782156, 0.9859152388050979, -0.20847601818666378, 1.544264691504887, -0.83434171702276871, 0.46159148507263242, 0.092393860252193483, -0.36285512069150427, -0.86126346187907166, 1.2188867844681295, 0.1086765579907, -0.44692102209692847, -0.33669757990304211, 0.33397546856100963, 0.18322454487989676, 0.67717092867327189, 0.56019994204179513, -1.0545941934767569, 0.068972562441050822, 0.37827496995421589, -0.74176753194835354, 0.67937984866169709, 1.4656429062420318, -0.67094326532083115, 1.1144710798620929, 1.2949462690131182, 0.34577859682024609, 0.77913958340318601, 0.056873657412707473, -0.17811110631550056, 0.87359094439541396, -1.1744443013676555, -1.4381152655272902, 1.1517452898686651, -0.8607422431980668, 0.59734235054486096, -0.69323361253157745, -1.3392446001291467, -1.044458816358518, -1.242729256852251, -1.9006268956547421, 0.57565038235708277, 0.54533067010353409, 0.42858038001896587, 0.30509650866927074, -0.009655059726353811, 0.81435633682044628, -0.8835203089614968, -0.26096252146152144, 0.13058183924418246, -0.25039412342241291, -0.13020316456905925, 0.94485381305365346, -0.017277708313844151, 1.1518552089757617, 0.59043214897043661, -0.72220870777546764, 1.8505006186998028, 0.45733662224675214, -0.070563264024503344, -1.0621945700263429, 0.45865361954171185, 0.062016854925184259, 0.47330007995670065, 0.25946055792210604, -0.9444917517083804, -0.17033448418933253, 0.028403747088789084, 1.2337533818230493, -0.11353030964066366, -0.81267772299999841, 0.86942886030498279, 0.087284014226397505, 0.13531936500660136, 0.12845803673743428, 0.92618645835863211, 0.61200655813260318, -1.3916121606577887, -1.7832979055530636, -0.31524162424253804, -0.046448340414227712, 1.0439998411519755, -0.25190603727741501, -0.69734860135733334, 1.2264438059287797, 2.1650735615964365, 0.46782631703848127, 1.1933579574336866, 2.0148930322457996, -0.11026110428649205, 1.0160350862329905, 0.21526905206198307, -0.46742497993623688, -0.54093850617052308, 0.94208156077097771, -1.3278738833046506, -0.059844780343088197, 0.97767390514608477, 0.006324875261138967, 0.99880834636354587, -0.21544827698483907, -1.6057373628322085, 0.0230247066355347, -0.11330724319244026, -1.3417038636554264, 1.8496349785738166, -2.0789780227152832, -0.087719542610351711, -1.6008422613136062, 0.22158320700376957, -2.1962309730547598, -0.49990922267782845, -0.81065797003867535, 0.30134521058076397, -1.2299361130731001, 2.7693533505597907, 0.0015956217212072909, -0.6479414011707505, 0.29001292884377766, 0.17357965792359251, -1.7940673603461086, -1.0159789259734577, 0.45581817751664983, -2.3807420604208551, -1.9116313504093627, 0.95965534882340153, 1.2404227967944064, 1.5891854744283447, 1.7607142835718568, -0.97230462263339845, 0.63471216645637984, -1.0901558908728748, -0.32193784062015668, 1.8656691167568886, -1.2451970083089294, -0.3909138225086361, 2.2143967335564003, 0.93016075726825509, -0.088720277077199372, -1.1630274905058244, 1.0488974642360696, 1.2006428061919447, 1.8571121995334454, -1.012683668554311, -0.4603731374677506, -0.31959136365946156, -1.010163729150195, -0.60597845942730744, 1.7690155958715426, 0.31393932513297379, -1.9823115978940884, -0.23160433717357726, -0.62162348583091542, -0.97148955955949445, -0.59837534053700026, -0.043283251380231071, -0.83664712724978918, 1.9138599731326085, -0.13525407728607317, -0.351182387075192, 0.3132752981259565, 0.52150192428458397, 1.5705747650584878, -0.37238689164449762, -0.25847207297795932, -0.80147686401684959, 1.4054708505726317, 0.029603934489463354, 1.3590884775518883, 0.72326595404496541, 0.44169829148828199, -1.1762490053459775, -0.10500131660769368, 0.58114891645352096, -0.31145710686132339, 0.22785451056250003, -0.53354083180858203, 0.45298173510722661, -1.8791034548656451, -0.69122155462581669, 1.3620606758648661, 1.2773203698724631, 0.85255827592483813, -1.7796161108068851, -0.46183906293720939, -0.27579593010817088, -0.17964667677372589, -2.0421641962516515, -1.3177116223268606, 0.68609298495812709, 0.6918026494344347, 2.1116074733820707, -0.99330713931211601, -0.48797899837641728, -1.3111633015279178, -0.049693299387239688, -0.82525753787779255, 1.4021832355945378, 0.68766433400998239, -0.063811068407743657, 0.0067474166992664685, -1.0219567433622982, -0.87296151915134435, 0.62727455907310326, -0.42331777743978055, 1.7670173833120535, -2.3466969092858223, 0.51529109699336528, 0.23243688991806075, -1.1139048273721195, 0.76710600401539319, -1.1346690844808274, 1.9015558332276905, -0.17121860397832928, -0.36474049170809997, 0.43508449116946035, 0.42451143265041275, 0.38531821938299149, -0.3221279608442203, 0.26668684119025537, 0.80225296492958098, 2.3288620781143621, 0.45741605131720325, -0.43200920308686847, 0.10286061638467557, 0.97278549353504673, -0.32690464030232386, -0.21884698582651518, 0.45287087089041372, -0.44987032995424836, -0.57277226335496001, 0.17284622150597218, -0.43505151579819767, 0.65450095776328576, -0.49608825793653488, -0.01061465007396401, -0.67878351876648202, -0.420272460487781, -1.0373244926912302, 0.15700560038331976, 0.53003283383403532, -1.6783668675695382, -0.8316664102710386, -0.55149102759136137, 1.0007647717904034, -0.60044247129049078, -1.0315228251651911, -1.9372247648109306, 1.02792924718931, -0.6946299692750284, 1.9337096068144117, 1.1301360386477621, -0.068386297784980593, -0.27958878644542584, 0.064981046391279329, -0.86707733284358623, -0.74375736822364957, 1.4966128267417542, -0.11457306891888364, -0.099046064749586049, 1.3636103478443344, 0.42127996454036493, -1.0723645080266071, -0.10246763352996291, 0.99807245817920842, -0.31988215274830589, 1.6515367699838619, -1.4299287473364202, 1.7811544727029469, -0.40930004311312723, -0.27888152654287884, 1.2174214795480096, -0.17625215990627299, 0.77094877180275601, -0.34750692384837412, 0.80045720797016484, -0.44576320688520799, -0.24654205290128081, -0.22064633372992637, 2.0533208396380407, -1.2830201228594904, -1.0810393823048305, 1.7989476845683818, -0.225869961379248, -0.099551030483582395, -1.7559687991235331, -0.52049657728540588, 0.44749588815702745, -2.4082018056649335, 0.78651066246141887, -0.68939894374804023, -0.83242961979014229, -0.4888377488294578, -1.1873440261448214, -2.1876753926752741, 0.40102070741218543, -0.92267670768159116, 0.67274391194757754, 1.544909275368022, -0.11363574998418073, 0.24113484561642237, 1.6672650531424926, -0.59418054478627824, -0.7863962376351864, 0.1698528571258125, 1.0480239033381744, -0.49663448178646907, -0.68550989179823141, 0.44503475499904677, -0.41301979231334168, 1.1150889977264029, -0.26645989947405252, 0.68984038551150806, -1.064176813155963, -0.15203373147465571, 2.2497998609979715, -0.94243481872214008, -0.98214389287275505, 0.5743414025154473, -1.2742467052272712, 1.0129914333823633, -0.41844673175190383, -1.2935258803776915, -1.3136205276200033, 1.6710207745224772, -0.70445467395113059, 0.80607876796955502, -0.66287070773501233, 0.21110558056764855, -0.3757621006567548, -1.9315473618915875, -0.90424593513162821, -0.75266934382673467, 0.033112422511382779, -0.30042404995798017, 0.84379722380939393, -1.7008939367371541, 0.71420847358124728, 1.1783377803420958, 0.61987525388585263, -0.29643320283724967, 0.52368853372010349, 1.2149693163658728, -1.28215385814058, -0.49215364769278375, -0.50089495490658997, -0.225171889838919, 0.4584364028750032, -2.3380806244496219, 0.052003762699940517, -1.608420425812922, -0.2748836221534729, -0.22508688574631608, 0.10261019104858732, -1.0636147456302614, -0.027832433349087884, -2.9810192685815284, 1.5697579134313699, 0.45689632134344416, -0.87525607749442147, -1.1379175213419714, 0.6025147675618312, 0.3619957548267399, 1.8887079987797619, -0.45537340152776001, -0.85578322344742053, -0.084053675048335094, -0.26224147828666877, 0.13697704341499589, 0.43137653305502188, 1.5573878060835109, 0.22353238696843708, 0.067159257307681089, -0.17174021929696784, -0.37991656985060185, 1.9015126084222504, -0.089124223501874988, 0.54136302030652994, 0.80342494114400531, -0.2754849370020977, 1.246213485550534, 0.57077899533062249, 1.4476135213830252, -0.38173151246901088, 0.31345369279995822, -1.1382776490064361, -0.59821260000557219, 0.30896187339724079, -0.22534840470206768, 0.8109029491364147, -0.12973024155300736, -1.5074667485181141, 3.168596977065393, -1.2540104591061758, -0.64404920169409541, 1.3651379852135517, 0.93513225859028926, -1.0792500411466792, -0.81073687236037673, -1.5435816357585475, -0.48546038345010972, 0.9781371287843077, 1.3407649583291472, 0.5986600621336241, 0.72026025334247556, -1.3162883862124926, -1.8626734058249002, -0.89219706260407128, -1.3150996380525686, 0.095317276320669331, 0.31039349700656516, 0.89629115443733631, 0.25136663773118834, 0.91599848307970133, 1.2485366242079881, -0.98123563970037198, -0.71721495525691348, 0.33172394214602335, -0.02434804761718503, 0.48277158388144353, -0.25910511043192441, -0.75688723420118931, 1.4270572684392311, 0.79592451628326133, 1.0496951064663558, 0.49461064324695114, -0.063569093841216395, -0.69528971853680288, -0.17351595250883195, -1.0074156997185033, -0.99403344318900766, 0.22989567347190998, -1.4291046052789842, 0.85064259362500749, 0.44040883300782635, -0.2250754456653796, 0.62799102537417617, 0.51905006837485257, 0.40671583692813984, 1.8137578685532403, 0.18949675998856672, 1.5857067527544275, 0.64257734438516101, 0.78378942185455291, -1.7332061223897706, 0.86124241846154403, 1.9503153065718741, -0.41115730237265147, 0.55225138445515021, 2.3164858477254242, 0.71110601032783649, 0.024142999976398918, -0.51658368480622507, -0.35397524557104393, 1.8459463173097148, 1.0291112397199431, 0.57440473959259164, 1.4886712111362781, 1.5904924720579103, 0.16837814343778659, -1.0441847506793465, 0.49602022331337453, 0.31687643722061404, 0.054381529080476436, 1.1102777256050154, -0.94842791880755828, 0.23255202339886863, -0.3996986049712391, -1.0623592600878222, 0.068283995788718688, 0.53095824781780265, -1.5918033175355588, -1.4251877950096683, -0.00010023106559722344, 0.3056517886900289, -1.2066478380223338, 0.11239125035162748, 0.44703993608501219, -0.41364760403974082, -0.22954730842662252, 1.2186724038322663, 0.34316445938208967, 1.7701366839047397, -1.7741017078545156, 0.061946783994139963, -0.073857813546431034, -0.95339804612223655, 0.33578065051145434, 0.84782144077125132, 0.77451780108662227, -0.094364498151315881, 0.7301007808352068]</Parameters>
			</FullConnection>
			<FullConnection class="pybrain.structure.connections.full.FullConnection" name="FullConnection-4">
				<inmod val="hidden0"/>
				<outmod val="out"/>
				<Parameters>[1.096264009667508, -0.5561028519320218, 1.4397137945076597, -1.1039626339038922, -0.44741160413206887, -0.24574788803829198, -0.37047058176464132, 0.20334600913311893, 0.23450289271562993, 0.38429772474819929, 1.072383301312509, 0.0523897206060756, -1.1173583477532296, 0.18433534297797569, -0.98383333955387975, 0.1905359388507567, -0.35984269949177838, -0.67017765212410885, -0.10240368829321468, 0.42697597700215928, -0.26480272351923978, -0.15426283492405712, -0.50629270681490746, -1.1243306664294255, 2.4167274875993745, 0.15356043680227913, -0.14309151224544087, -0.71967038886586754, 0.78995714843622777, 0.11432125369007332, 0.41222686173967421, -0.97472520122895778, 0.23119912606906029, 0.77366108849071979, -0.73192794558381635, -0.42374000259351258, 0.78943162164571079, -1.3596271542802405, -2.2792258648800141, 0.14209443080656767, -0.23504875156850963, 1.0291032692446049, -0.63733620505608846, 1.575877597935522, -1.088447718412844, 0.88774741962288839, -2.0159981399367171, 1.1757713910250429, 1.3926844765058135, 0.11824680173967062, -0.08454779242272728, 0.0042666270795776885, -0.95673487022985004, 0.90585252961191809, 1.4460060844755322, -0.50228223472630085, -1.0447897491672713, -1.395387962018612, -0.749857109208237, -1.3513724982688264, 1.0045217564472717, 0.45448317669189581, -0.23294125788294215, -0.61461421727539811, -0.45305551258294763, 0.50640275523656719, -0.73292351223254448, -0.67215965487099194, -0.0073453880611690616, -0.55205027468363799, 0.24334567316060321, 1.1803103341894179, 0.018673811963172134, 0.021817304619364368, 0.6932158727487634, 1.2503757077579731, -1.6082575676209265, -0.38230289244713017, -2.0304511001126571, 0.36338759486378758, 0.57640304579546409, -0.96297929112223568, 0.28704075804242285, 2.1090704774284359, 0.11186571211989403, -0.64152369674026899, -0.91618580291651353, -1.498122935314212, -0.34317719916377321, 1.8495056663758636, 1.2963276523222809, -0.74709724040352055, -0.68973067893962714, 0.85323145259593602, -0.45124546502083407, 1.1417235606335314, -0.40197980704587677, 0.52947499612778415, -1.0517157363284386, -0.3639695145076261, 1.1980834806932639, 1.5526051096771267, -0.13799146600163831, -0.3403637612954078, 1.4886229229384884, -0.33271273156844716, -2.3076560261699894, -1.3901632403777802, 0.61117275348206279, -0.61431422950876424, -1.4104276500092274, -1.0126296006264524, -0.7499340146875545, 0.98695757899491676, -0.80642434001316698, -0.52181090854970569, 0.13151321760067733, -0.042732462618448652, 1.3263476310272977, -0.221761865144538, -0.95541329869428349, -0.15086924875842209, 0.30632618149614116, -0.18006268817064489, -1.4128605894203479, -1.8427091507440656, -2.2410921623196578, -1.1439338392598799, 1.2143456928747292, -0.54947393273397682, 0.24182341139217362, -1.0398436475030706, 1.0035316828138201, 0.22766800621512898, 0.76910154375988449, -1.3632658662342798, -1.8055984996688093, 1.2132541853969399, 1.0773100094969286, 2.0847281871947154, 1.430118690483251, 0.81658135991916747, -0.58870228027239402, 0.59761674773856366, -0.0091095481026274242, 0.073475300332298724, 0.28826646327978156, -0.065151368897428702, 0.89973513974187813, -0.77800536738181647, -1.3694004680963321, -0.4327079454339266, -0.78312598571375225, -0.63881903359284276, 0.3371832819365112, -1.2655454008579692, 0.92890925549532721, -0.84806261633598234, 0.23188115264556933, 0.71227996245633496, -2.3288740067807083, 0.69526157131675626, -2.0430309353509242, 0.0075115840234511837, -1.3255953012969295, -1.8376181721955291, -0.97567121224789166, 0.91110977973756468, 1.6052036066125233, -1.1073943781005608, -0.14859732361924963, 1.8917355373757596, 0.89558850920059896, -0.34968680335118496, 0.08408010821560305, -0.32185148524018481, -0.42826824430167687, -0.57506450151200272, -0.43988797501361726, 0.34702849676199166, 0.65202734372532667, 0.24914955242022982, -0.24714162216698501, -0.09306306951081364, -0.0290756499867647, 2.1400515280021941, 0.41523155488361846, -0.091061003232424248, 0.71253360183433612, -1.1520694351692915, 0.74650932892663013, -0.17842305302314415, 0.36944159128658066, -1.5584085787717437, 0.43478538517474158, -0.38699791489411967, -0.67555969664581628, 0.76108312096140418, -1.1634512081088169, 0.69056733841133444, -0.3623127211525185, 0.034059631090672934, -0.78302120911111728, 0.17380270953001181, -1.1680233873802313, -0.46751388723184661, 0.096594781378437494, 1.4966526840383836, -0.19459337069098676, 0.50014319230767756, -0.83154192202204569, 0.087912423474948445, -0.597945296854418, -0.13027275965928817, 1.016706534974839, -0.13828394920339693, -0.40236408160667375, -0.79013103091866022, -0.23618098506090152, 1.0732943325199096, -1.0088632923662699, -0.71197318659563102, -1.4057604213275081, -0.50839643892003006, 0.87543029114521864, 0.67645213612296706, 0.44962401449634143, -0.42156840342697938, 0.62293293876213229, -0.44553800701774809, 0.84668643372870744, 0.88015075997167358, 1.5967952569721104, -1.0252514721639778, -0.33207327884903237, 1.0554728609512374, 0.19161737851625746, 1.1540520610522902, -1.7145124139384869, -0.99976639071046502, -1.4357838042516264, 0.21999030182931714, 1.1301954423588279, -0.62903540833135063, -0.79749290291617891, 0.43997474259005193, 0.22442032603148196, -0.83105217957652411, -0.090277248342059815, 1.2270212920171857, -0.39931497945204947, 0.099858921263873843, -0.76623491034398572, -0.59724775687955556, -0.53284509423337612, -2.1436671977075203, -0.51710532131486164, 0.86430278425276408, -1.5662579700060804, -1.0457291048317063, -0.45854249739543484, 1.5426617732104515, -0.86983366881822766, -1.0728879534096141, -0.54719032977932958, -0.55448464781251849, 0.26260852291384995, 0.0092510506353634843, 0.21482338536532425, -0.042384726137114394, -0.29056718938770104, -0.10595141046205679, 1.3577083311468494, -1.6191342901128578, -1.0131163360167592, -0.026259681972854301, -1.7734420725538402, 0.54689589146725759, -0.086124485899205919, -0.089932519211416345, -2.649041483125016, -1.3658185112817742, 0.44697463992548547, -1.181391343295124, 0.17513693791730164, -1.5069034668159471, 0.90125056300625539, 0.97735975881103787, 0.79323913352838704, -0.93670134243232583, 0.44585682342636895, 0.92609897463831592, -0.17307579868683215, -1.7758041202190558, 0.41043406127296533, -0.88991310016464364, -0.40643429885744964, -0.45695181853296246, -0.52166940190283762, -0.099125113931539249, -1.9936272432547659, 0.17814088746323162, -0.78837646602937339, -0.63544483304293209, 0.27938208249073115, -0.67211231531246685, -0.50772432278492696, -0.75837078411512326, 1.2773471420796394, 0.65852180063972487, -0.75536102978131714, -0.11204083841819365, -2.0410273249001167, -0.18359257040334148, -0.070963143652333791, -0.76970711132497249, -1.0497849341915453, -1.250141482547473, -0.83754815965757823, 0.80975871079916162, 0.70263171545427039, 0.6157530203229522, -0.20958032568445556, 0.40994672400387461, 0.51513553559868841, 0.30767369410068357, 0.6234400422142613, -0.76644169141148177, 0.88413558445106799, 0.11361215194995362, -0.63194261660916551, -1.1310844851198003, -2.3425773753884078, 0.48422844509387786, -0.47794104784733132, 0.18154929141217921, -0.6755294782533956, 0.97325446302761198, 1.1293490757592861, -0.24019211215738046, -0.87562128673686035, 1.3347753542775491, -0.83578387577767155, -0.43691498321291239, 0.34721421311886724, -0.71798814771277097, -0.71495598967463558, -0.25630959277533083, -0.066415072549117743, 0.58761928415342612, -0.5433498492159462, -0.45499812211836588, 0.031291932848283438, -1.0432414449640772, 1.1649883493018771, -2.4194950943615314, -0.1081921407680658, -0.99987565677128742, 0.60723531266435249, -1.8820760213195089]</Parameters>
			</FullConnection>
		</Connections>
	</Network>
</PyBrain>
